用户ID,评论内容,购买时间,点赞数,回复数,评分,评价时间,产品型号

19175435971,"运行速度：快
屏幕效果：清晰
散热性能：良好
外形外观：简洁大方
我加装2T副盘（主板带散热胶和铜盖给个赞）",2023-06-01 16:47:54,2,1,5,2023-06-02 18:20:50,ThinkPad联想笔记本电脑ThinkPad P15v(09CD)英特尔酷睿i7 15.6英寸高性能工作站12代i7-12700H 16G 512G T600 高色域
19205514304,系统运行特别快，散热方面也很好，因为经常用CAD和Tekla软件，电脑配置要求比较高，这款电脑完全满足需要，非常满意。,2023-05-27 16:12:15,0,0,5,2023-06-09 17:40:40,ThinkPad联想笔记本电脑ThinkPad P15v(09CD)英特尔酷睿i7 15.6英寸高性能工作站12代i7-12700H 16G 512G T600 高色域
19214527857,迫不及待开箱，保护得很好，键盘用了一下感觉不错。续航感觉不到，一直带电工作，接口感觉还是少了，最好弄个扩展坞。用段时间再来评价。,2023-06-06 20:04:24,0,0,5,2023-06-11 22:19:47,ThinkPad联想笔记本电脑ThinkPad P15v(09CD)英特尔酷睿i7 15.6英寸高性能工作站12代i7-12700H 16G 512G T600 高色域
19212607686,下单第二天就到手了、长期使用电脑、太小的屏幕看起来累，实在是因为经常携带、不然直接17寸了。开机后速度很快、屏幕也很清。,2023-05-27 07:59:50,0,0,5,2023-06-11 14:28:04,ThinkPad联想笔记本电脑ThinkPad P15v(09CD)英特尔酷睿i7 15.6英寸高性能工作站12代i7-12700H 16G 512G T600 高色域
19200138569,"已经种草半年多了，从看到的1万多，到时不时的9千左右的优惠价格，好几次动心，都忍住了，终于等到618活动价，又优惠了几百?，决定下手了。ThinkPad情结，没办法，虽然比同等配置的其他系列高的好多，但搞技术的总要有个ThinkPad?，准备用十年！不要让我失望?
运行速度：很快了，开机18秒左右，不算优秀，进去以后运行起来很快
屏幕效果：挺好，色彩比较丰富
散热性能：暂时还没装大型软件，只做文字处理的时候几乎没有声音
轻薄程度：这个不是优势，比较沉

其他特色：人脸识别用上了，反应还比较快，其他的再慢慢琢磨",2023-06-01 16:25:38,0,1,5,2023-06-08 11:36:20,ThinkPad联想笔记本电脑ThinkPad P15v(09CD)英特尔酷睿i7 15.6英寸高性能工作站12代i7-12700H 16G 512G T600 高色域
19211453660,"运行速度：速度可以的，以前公司配的gen2 十一代i5，前几天换工作了自己买的这个gen3，cpu变成12代i7了，确实更快
屏幕效果：屏幕效果还可以
散热性能：散热稍微差点，只有一个风扇，做仿真时需要架起来，要不太热了
轻薄程度：工作站笔记本里算轻薄的了
其他特色：隐私安全做的很好，最喜欢的就是连手机蓝牙后能离席锁屏
散热能力：散热将就
运行速度：速度很快",2023-06-08 14:18:26,0,0,5,2023-06-11 09:45:05,ThinkPad联想笔记本电脑ThinkPad P15v(09CD)英特尔酷睿i7 15.6英寸高性能工作站12代i7-12700H 16G 512G T600 高色域
19198537895,挑了好几天最终选了这一款，比公司的那个1W+的惠普轻多了，运行solidworks也比哪个强多了，认证过的就是不一般，贼快,2023-06-01 22:59:25,0,0,5,2023-06-07 21:47:23,ThinkPad联想笔记本电脑ThinkPad P15v(09CD)英特尔酷睿i7 15.6英寸高性能工作站12代i7-12700H 16G 512G T600 高色域
19215924683,商品包装完好无损，送货师傅及时上门送货，大品牌正品保证，使用效果不错，推荐大家购买这款笔记本电脑，性价比很高，值得购买体验。,2023-06-11 09:51:53,0,0,5,2023-06-12 11:18:48,ThinkPad联想笔记本电脑ThinkPad P15v(09CD)英特尔酷睿i7 15.6英寸高性能工作站12代i7-12700H 16G 512G T600 高色域
19065731956,联想电脑很好，值得购买。联想在我国还是一个比较有名的品牌，在全球的电脑市场处于领先地位，这设计本不错！,2023-04-26 23:40:28,1,0,5,2023-04-28 21:13:00,ThinkPad联想笔记本电脑ThinkPad P15v(09CD)英特尔酷睿i7 15.6英寸高性能工作站12代i7-12700H 16G 512G T600 高色域
19033600088,很是哇塞的一款笔记本电脑。性价比很高。推荐购买。设计，工作，都轻松搞定。另外物流也很快。包装也很安全。性能强劲。推荐购买。价格好，功能好。,2023-03-08 20:41:12,0,0,5,2023-04-18 18:27:15,ThinkPad联想笔记本电脑ThinkPad P15v(09CD)英特尔酷睿i7 15.6英寸高性能工作站12代i7-12700H 16G 512G T600 高色域
18922728935,?商品收到了，包装得很好，物流非常快，客服态度很积极，有问题及时解答！总体来说非常满意！非常好，宝贝很高大上，质量很好，看上去就给人一种高级感，价格也合适，这次网购很愉快，大赞?,2023-03-03 21:11:25,0,0,5,2023-03-20 22:34:40,ThinkPad联想笔记本电脑ThinkPad P15v(09CD)英特尔酷睿i7 15.6英寸高性能工作站12代i7-12700H 16G 512G T600 高色域
19024710052,"运行速度：nice
屏幕效果：很好，非常喜欢
散热性能：不错，杠杆滴
外形外观：外观设计风格非常喜欢这个
整体来说很不错的一款，适用于各种场合",2023-04-14 22:28:19,0,0,5,2023-04-15 17:18:38,ThinkPad联想笔记本电脑ThinkPad P15v(09CD)英特尔酷睿i7 15.6英寸高性能工作站12代i7-12700H 16G 512G T600 高色域
18901826852,"绝对是最开心的一次购物，店家服务态度很好，售后也是。
便宜又实惠，买了好多，宝贝一如既往的好?，性价比非常高，大品牌值得信赖?",2023-03-06 11:25:48,0,0,5,2023-03-15 17:14:04,ThinkPad联想笔记本电脑ThinkPad P15v(09CD)英特尔酷睿i7 15.6英寸高性能工作站12代i7-12700H 16G 512G T600 高色域
18939351542,京东快递的真的神速，第二天一早就到了，笔记本真的惊艳到我了，联想的品牌真的非常的棒，太高端了，再买笔记本，现在我用的也是联想，大品牌值得信赖！,2023-03-21 23:06:59,0,0,5,2023-03-25 07:51:19,ThinkPad联想笔记本电脑ThinkPad P15v(09CD)英特尔酷睿i7 15.6英寸高性能工作站12代i7-12700H 16G 512G T600 高色域
19027114293,"京东超体神速，马上送货。目前看，电脑运行速度：超快，开机十几秒
屏幕效果：效果很好，清晰度不错
散热性能：天凉了，散热效果明显
外形外观：在 thinkpad 基础上美化了不少，好看
P15v高性能设计师工作站i7-12700H16G512GT600高色域",2023-03-21 15:31:16,0,0,5,2023-04-16 15:08:35,ThinkPad联想笔记本电脑ThinkPad P15v(09CD)英特尔酷睿i7 15.6英寸高性能工作站12代i7-12700H 16G 512G T600 高色域
18907941147,运行速度：运行速度：用ThinkPad好多年了，一如既往的还用，速度快，质量好，设计开发的好帮手 运行速度快，以后还会继续支持,2023-03-16 09:18:08,0,0,5,2023-03-17 11:58:30,ThinkPad联想笔记本电脑ThinkPad P15v(09CD)英特尔酷睿i7 15.6英寸高性能工作站12代i7-12700H 16G 512G T600 高色域
18968839345,公司画图用的机器，比以前的大砖头轻很多，当然比现在的轻薄本重，只是为什么这款机器的充电头还是以前那种，没有换成TYPE-C口，这点不好。里面的用料不错，接口有加强，M2、内存有金属散热。屏幕也不错。暂时没有发现问题,2023-03-07 09:23:13,0,0,5,2023-03-31 13:11:32,ThinkPad联想笔记本电脑ThinkPad P15v(09CD)英特尔酷睿i7 15.6英寸高性能工作站12代i7-12700H 16G 512G T600 高色域
19043044153,这是我购买使用的第三台了，前两台都是任职公司买的，第三台属于自己的了。虽然散热被很多人不喜欢，但是它是性能本啊，对于我们这些工程狗，用起来真的很舒服。雷电接口外接扩展坞，USB接口那就是多，可以分多屏用。算量起来就是梦幻。,2023-04-20 16:34:21,0,0,5,2023-04-21 21:42:44,ThinkPad联想笔记本电脑ThinkPad P15v(09CD)英特尔酷睿i7 15.6英寸高性能工作站12代i7-12700H 16G 512G T600 高色域
19202398373,"散热性能：发热的厉害
运行速度：还行",2023-06-03 23:21:19,0,1,3,2023-06-08 21:04:36,ThinkPad联想笔记本电脑ThinkPad P15v(09CD)英特尔酷睿i7 15.6英寸高性能工作站12代i7-12700H 16G 512G T600 高色域
19030380566,"拿到Thinkpad p15v 用了两天，感觉还不错，但没有达到我的预期！说来也稍微有点Thinkpad情节，拿到本后还是看到有一些小小瑕疵的，其他测试还没进行，当前总体感觉还算满意！用一段时间后再追评吧！
另，这也算是个大件，贵重件了吧，京东也没送货上门！",2023-04-14 16:30:10,0,0,5,2023-04-17 17:01:33,ThinkPad联想笔记本电脑ThinkPad P15v(09CD)英特尔酷睿i7 15.6英寸高性能工作站12代i7-12700H 16G 512G T600 高色域
18968068744,京东自营，物流速度超快，机子漂亮，速度快，运行3D都没什么问题，按键舒服，屏幕大，做设计绰绰有余，最新版windows11，虽然有点不习惯，但慢慢习惯就好了。赞一个。,2023-03-29 16:17:52,0,1,5,2023-03-31 08:47:34,ThinkPad联想笔记本电脑ThinkPad P15v(09CD)英特尔酷睿i7 15.6英寸高性能工作站12代i7-12700H 16G 512G T600 高色域
18994806122,高价值产品还是得选京东自营。一如既往的放心，买来用了几天才敢来评价：质量优良，物流快速。包装没有问题，电脑配置也完全复合产品说明。用了几天，没发现某些平论说得风扇声音和发热问题。绝对静音。,2023-03-30 23:09:27,0,0,5,2023-04-06 16:20:03,ThinkPad联想笔记本电脑ThinkPad P15v(09CD)英特尔酷睿i7 15.6英寸高性能工作站12代i7-12700H 16G 512G T600 高色域
18930703402,发货速度很快，，物流也很给力，电脑配置看着还算可以，用起来应该很流畅吧。。美中不足的地方就是，没有配电脑包，，挺不方便拿的。。。,2023-02-17 11:28:36,0,0,5,2023-03-22 17:45:49,ThinkPad联想笔记本电脑ThinkPad P15v(09CD)英特尔酷睿i7 15.6英寸高性能工作站12代i7-12700H 16G 512G T600 高色域
19025547501,"电脑非常清晰很满意一次购物是我理想大家有需要赶紧?冲
外形外观：非常完美
散热性能：很好
屏幕效果：很清晰",2023-04-14 21:44:27,0,0,5,2023-04-15 22:22:56,ThinkPad联想笔记本电脑ThinkPad P15v(09CD)英特尔酷睿i7 15.6英寸高性能工作站12代i7-12700H 16G 512G T600 高色域
18977473838,"这款电脑用于cad,3dmax，cam350等制图软件效果非常好，都试了一下完全没有卡的感觉。工作起来非常爽，确实是一款很好的图形工作站。",2023-03-29 20:32:07,0,0,5,2023-04-02 13:05:24,ThinkPad联想笔记本电脑ThinkPad P15v(09CD)英特尔酷睿i7 15.6英寸高性能工作站12代i7-12700H 16G 512G T600 高色域
18774290652,"运行速度：比较快
屏幕效果：这个电脑的配置这个显示分辨率1920差了些，有些模糊无法适应
散热性能：不错
外形外观：设计还是经典款
拿到电脑第二天就送到了联想电脑服务站进行激活升级内存32G双通道，2TSDD，唯一看重也是这个扩展能力了吧。
缺点就是显示器比较模糊",2023-02-04 04:55:43,2,1,5,2023-02-11 16:58:22,ThinkPad联想笔记本电脑ThinkPad P15v(09CD)英特尔酷睿i7 15.6英寸高性能工作站12代i7-12700H 16G 512G T600 高色域
18820194321,朋友推荐的这款电脑，客服态度很好，介绍的也很详细，已经收到货了，手感很好，速度很快，价格小贵，其他都非常棒。可以推荐一下身边的朋友们,2023-02-20 09:55:04,0,0,5,2023-02-23 14:41:22,ThinkPad联想笔记本电脑ThinkPad P15v(09CD)英特尔酷睿i7 15.6英寸高性能工作站12代i7-12700H 16G 512G T600 高色域
18852819571,原来的电脑摔坏了，赶紧再买，时间仓促就买了稳妥点的这款笔记本，用了一段时间，总体很满意，速度很快，各方面设计也合理，推荐哦！,2023-02-13 11:17:40,0,0,5,2023-03-04 19:07:45,ThinkPad联想笔记本电脑ThinkPad P15v(09CD)英特尔酷睿i7 15.6英寸高性能工作站12代i7-12700H 16G 512G T600 高色域
18619948583,喜欢thinkpad的键盘，舒适，键盘灯设置很人性化，不会想某些品牌那样很多健没有灯，很难分辨是否开启功能键，内存大，加送的1t价格很实惠,2022-11-10 19:21:26,0,0,5,2022-12-28 21:33:07,ThinkPad联想笔记本电脑ThinkPad P15v(09CD)英特尔酷睿i7 15.6英寸高性能工作站12代i7-12700H 16G 512G T600 高色域
18720318914,"纠结好久，买dell，hp还是thinkpad
最终还是选择thinkpad，
性价比最高的这款p15v，
开机速度比较快，
质量不错，重量比较重。
适合办公用。",2023-01-01 08:15:27,0,0,5,2023-01-24 16:06:27,ThinkPad联想笔记本电脑ThinkPad P15v(09CD)英特尔酷睿i7 15.6英寸高性能工作站12代i7-12700H 16G 512G T600 高色域
18773859050,"运行速度：还可以，开机十几秒

屏幕效果： 显示清晰，没有什么高的要求不用选4k

散热性能：还没开始长时间使用，有待观察
外形外观：家族式设计，看自己喜好了
轻薄程度：比我想象的要轻",2023-02-06 22:29:07,0,0,5,2023-02-11 15:25:00,ThinkPad联想笔记本电脑ThinkPad P15v(09CD)英特尔酷睿i7 15.6英寸高性能工作站12代i7-12700H 16G 512G T600 高色域
18774801338,京东快递就是快，今天下单第二天就到了，送货真是挺快的，京东自营的电器质量也是挺有有保证的，让人买着放心，具体情况就看长期使用情况吧,2023-02-06 20:04:58,0,0,5,2023-02-11 18:41:16,ThinkPad联想笔记本电脑ThinkPad P15v(09CD)英特尔酷睿i7 15.6英寸高性能工作站12代i7-12700H 16G 512G T600 高色域
18861648362,这是自己用的第三个Thinkpad的，以前一直用的T系列，为了工作需要，这次换了P系列。用了几天，还是熟悉的感觉，中规中矩，是这个价位里面表现比较稳定的了。推荐比较注重商务办公和品牌的人选着。,2023-02-23 17:41:09,0,0,5,2023-03-05 22:46:02,ThinkPad联想笔记本电脑ThinkPad P15v(09CD)英特尔酷睿i7 15.6英寸高性能工作站12代i7-12700H 16G 512G T600 高色域
18869966362,"运行速度：完美，运行大文件也不卡
外形外观：漂亮，经典设计，辨识度高
轻薄程度：很轻，背着出差不重
散热性能：完美，快速散热
其他特色：很轻薄不重",2023-02-22 12:21:39,0,0,5,2023-03-07 22:57:49,ThinkPad联想笔记本电脑ThinkPad P15v(09CD)英特尔酷睿i7 15.6英寸高性能工作站12代i7-12700H 16G 512G T600 高色域
18857427067,东西很好，质感也不错，期待它在工作中有更好的表现。。。。。。。。。。。。。。。。。！！！！！！！！！,2023-03-03 20:52:41,0,0,5,2023-03-05 14:08:55,ThinkPad联想笔记本电脑ThinkPad P15v(09CD)英特尔酷睿i7 15.6英寸高性能工作站12代i7-12700H 16G 512G T600 高色域
18017695970,"京东超体神速，马上送货。目前看，电脑
运行速度：超快，开机十几秒
屏幕效果：效果很好，清晰度不错
散热性能：天凉了，散热效果明显
外形外观：在thinkpad基础上美化了不少，好看",2022-08-29 15:43:00,7,2,5,2022-09-05 10:19:27,ThinkPad联想笔记本电脑ThinkPad P15v(09CD)英特尔酷睿i7 15.6英寸高性能工作站12代i7-12700H 16G 512G T600 高色域
18768093078,"屏幕效果：不晃眼
散热性能：良好
外形外观：大气。
运行速度：非常非常快
轻薄程度：可以接受
其他特色：服务非常好。
散热能力：强劲",2023-02-06 21:14:49,2,3,5,2023-02-09 23:33:11,ThinkPad联想笔记本电脑ThinkPad P15v(09CD)英特尔酷睿i7 15.6英寸高性能工作站12代i7-12700H 16G 512G T600 高色域
17896974133,收到这个ThinkPad的图形工作站了，比想象中的要轻便一点，速度非常块，性能很不错，ddr5的内存也是非常不错，非常喜欢。,2022-08-02 20:09:52,3,0,5,2022-08-10 23:54:57,ThinkPad联想笔记本电脑ThinkPad P15v(09CD)英特尔酷睿i7 15.6英寸高性能工作站12代i7-12700H 16G 512G T600 高色域
17868527921,物流很快，电脑反应速度也很快，但温度确实高，什么都没开，散出来的热气都烫手。电脑自带win11家庭版系统，看评论区说可以安装SW2020，所以才买的这一款，可事实上安装了也用不了，客服推荐换个专业版系统，没办法又花了点毛爷爷，换成了专业版系统，软件就可以用了。看看用的效果怎么样吧，担心会高温死机。,2022-07-27 00:00:26,0,2,3,2022-08-03 21:20:42,ThinkPad联想笔记本电脑ThinkPad P15v(09CD)英特尔酷睿i7 15.6英寸高性能工作站12代i7-12700H 16G 512G T600 高色域
17800392770,"Thinkpad还是值得拥有！T460升级内存后，运行速度还能行，可以再战几年，可惜被老婆占有了。这本子用了好长时间，没有出过啥毛病，很值得像我这种怕麻烦和不爱找麻烦的人。
自己做机械设计，年纪大了就想买个工作站，看了好久，苦于囊中羞涩，为生计奔波，留给自己的余钱不多。又想着买新不买久，选了这个丐版的p15v。sw2020和ug12都装上了，试了段时间，确实流畅平稳没问题，机子做工确实不错，键盘手感真心好，降温不错，风扇也不咋响！算是很给力了！
一句话好很满意，要是经济允许还想买个高配，哈哈！",2022-06-22 22:44:58,6,6,5,2022-07-19 20:29:27,ThinkPad联想笔记本电脑ThinkPad P15v(09CD)英特尔酷睿i7 15.6英寸高性能工作站12代i7-12700H 16G 512G T600 高色域
19183056646,真的是框框耐斯，作为一个设计师很喜欢这个电脑。各方面都没毛病，老铁们。,2023-06-02 23:26:35,0,0,5,2023-06-04 12:39:53,ThinkPad联想笔记本电脑ThinkPad P15v(09CD)英特尔酷睿i7 15.6英寸高性能工作站12代i7-12700H 16G 512G T600 高色域
19027060776,刚收到货就迫不及待的打开看了，手感不错，外观很美观，新电脑都有点舍不得用，哈哈,2023-04-15 22:40:40,0,0,5,2023-04-16 14:48:36,ThinkPad联想笔记本电脑ThinkPad P15v(09CD)英特尔酷睿i7 15.6英寸高性能工作站12代i7-12700H 16G 512G T600 高色域
17959309478,"运行速度：十二代i7，运行很流畅，发热也不算小
屏幕效果：效果很好，很清晰，应该算是雾面屏
散热性能：散热比较好，键盘不烫手
外形外观：性能够用，画图不卡，工作站里面的轻薄机型",2022-08-08 16:29:01,0,0,5,2022-08-24 20:14:47,ThinkPad联想笔记本电脑ThinkPad P15v(09CD)英特尔酷睿i7 15.6英寸高性能工作站12代i7-12700H 16G 512G T600 高色域
18017412818,"运行速度：快递
屏幕效果：很好
散热性能：散热很好
外形外观：简单大方
轻薄程度：簿
散热能力：好",2022-08-26 14:09:27,1,0,5,2022-09-05 09:18:16,ThinkPad联想笔记本电脑ThinkPad P15v(09CD)英特尔酷睿i7 15.6英寸高性能工作站12代i7-12700H 16G 512G T600 高色域
18355799550,用起来特别好，舒服。颜色美观。P系列的笔记本属于工作站系列。性能特别高，推荐大家购买。并发表使用心得。支持京东，支持。谢谢大家。,2022-11-08 18:02:40,1,0,5,2022-11-09 11:24:15,ThinkPad联想笔记本电脑ThinkPad P15v(09CD)英特尔酷睿i7 15.6英寸高性能工作站12代i7-12700H 16G 512G T600 高色域
18331246774,经典的小红帽和黑色机身，尽显Thinkpad的商务气质，作为图形工作站级的笔记本，能做到这个轻薄程度确实不错，一般性的使用条件下很安静,2022-10-29 17:36:37,0,1,5,2022-11-04 20:12:14,ThinkPad联想笔记本电脑ThinkPad P15v(09CD)英特尔酷睿i7 15.6英寸高性能工作站12代i7-12700H 16G 512G T600 高色域
17788082032,速度快，质量好，都很喜欢，下次需要还要买，同事都说不错的选择,2022-06-14 10:22:10,0,0,5,2022-07-16 22:03:16,ThinkPad联想笔记本电脑ThinkPad P15v(09CD)英特尔酷睿i7 15.6英寸高性能工作站12代i7-12700H 16G 512G T600 高色域
17881353382,京东的速度真的是快，当天下单第二天就到了，很快，小黑本很皮实，虽然有点大，有点小重。但很有质感。本次购物感受良好，好评。,2022-08-03 23:52:51,0,1,5,2022-08-07 09:04:58,ThinkPad联想笔记本电脑ThinkPad P15v(09CD)英特尔酷睿i7 15.6英寸高性能工作站12代i7-12700H 16G 512G T600 高色域
19057245288,自营送货神速，电脑很漂亮，办公用的软件已装，初步感觉还行，后面实际使用再看看效果,2023-04-24 17:55:03,0,0,5,2023-04-26 10:15:36,ThinkPad联想笔记本电脑ThinkPad P15v(09CD)英特尔酷睿i7 15.6英寸高性能工作站12代i7-12700H 16G 512G T600 高色域
17647782053,"运行速度：快快快
屏幕效果：清楚舒服
散热性能：好
外形外观：时尚轻便
轻薄程度：适中
发货快，已经买了好几次了，单位买了好多这个电脑，外观时尚好看，速度快，同事们很喜欢。",2022-05-30 16:32:48,0,2,5,2022-06-17 13:59:30,ThinkPad联想笔记本电脑ThinkPad P15v(09CD)英特尔酷睿i7 15.6英寸高性能工作站12代i7-12700H 16G 512G T600 高色域
18824865839,送货速度非常快，包装也很好，开机16秒，速度杠杠的，整机稍重一点点，电脑好用就好。,2023-02-22 03:07:11,1,0,5,2023-02-24 23:34:11,ThinkPad联想笔记本电脑ThinkPad P15v(09CD)英特尔酷睿i7 15.6英寸高性能工作站12代i7-12700H 16G 512G T600 高色域
17777128723,ThinkPad 还是一如既往的靠谱。屏幕完美，色彩也很好。散热控制也很好。大爱,2022-06-18 16:47:59,0,0,5,2022-07-14 14:20:15,ThinkPad联想笔记本电脑ThinkPad P15v(09CD)英特尔酷睿i7 15.6英寸高性能工作站12代i7-12700H 16G 512G T600 高色域
17873719519,thinkpad老客户了，p15系列作为设计本的质量很不错，主要看上的是键盘手感，还有设计显卡也是一流。非常好！,2022-07-29 00:01:54,0,0,5,2022-08-05 09:39:30,ThinkPad联想笔记本电脑ThinkPad P15v(09CD)英特尔酷睿i7 15.6英寸高性能工作站12代i7-12700H 16G 512G T600 高色域
19030097969,全新正品，虽然是入门级的工作站，但性能杠杠的，做简单的画图没压力，运行很流畅，好评！,2023-04-14 15:13:13,0,0,5,2023-04-17 15:25:56,ThinkPad联想笔记本电脑ThinkPad P15v(09CD)英特尔酷睿i7 15.6英寸高性能工作站12代i7-12700H 16G 512G T600 高色域
17865664346,这款联想的P15V的笔记本电脑大品牌品质非常不错很好用，外观设计高端大气上档次手感光滑细腻做工精细，系统运行流畅制图什么的很好用配置也够高，京东搞活动买的价格比较优惠,2022-07-27 08:48:12,0,1,5,2022-08-03 09:26:21,ThinkPad联想笔记本电脑ThinkPad P15v(09CD)英特尔酷睿i7 15.6英寸高性能工作站12代i7-12700H 16G 512G T600 高色域
19180213808,笔记本电脑收到外观很时尚，用起来很流畅，心情很开心，不错不错?值得购买,2023-06-02 21:42:04,0,0,5,2023-06-03 18:55:45,ThinkPad联想笔记本电脑ThinkPad P15v(09CD)英特尔酷睿i7 15.6英寸高性能工作站12代i7-12700H 16G 512G T600 高色域
17973630656,"运行速度:非常快!
屏幕效果:很好!虽然不是4K，还是很满意!够设计工作用
了
散热性能:给力!就是声音大了些，侧面散热设计不错。
外形外观:漂亮!
轻薄程度:很轻薄的设计师本!
其他特色:颜值担当!非常满意!",2022-08-10 00:00:40,0,0,5,2022-08-27 18:08:01,ThinkPad联想笔记本电脑ThinkPad P15v(09CD)英特尔酷睿i7 15.6英寸高性能工作站12代i7-12700H 16G 512G T600 高色域
18896342504,"包装的很好 快递速度也很快
运行速度：运行速度很快
屏幕效果：屏幕很清晰 很好",2023-02-22 14:40:00,0,0,5,2023-03-14 01:35:39,ThinkPad联想笔记本电脑ThinkPad P15v(09CD)英特尔酷睿i7 15.6英寸高性能工作站12代i7-12700H 16G 512G T600 高色域
18941566955,触控板不灵，价格还这么贵,2023-03-20 10:33:21,0,1,2,2023-03-25 20:28:03,ThinkPad联想笔记本电脑ThinkPad P15v(09CD)英特尔酷睿i7 15.6英寸高性能工作站12代i7-12700H 16G 512G T600 高色域
18811730082,"一分钱一分货，之前的一台Think pad 用了整整十二年，就因常年写稿换过一次键盘，换过一次加装的内存条，别的没有任何问题。这次果断还用这个品牌，已经形成品牌依赖了。
运行速度：高端本，极快
外形外观：满满的商务范儿，适合商政界人士
屏幕效果：还没运行设计软件和大型单机游戏，没法评论",2023-02-17 14:45:29,0,0,5,2023-02-21 11:37:26,ThinkPad联想笔记本电脑ThinkPad P15v(09CD)英特尔酷睿i7 15.6英寸高性能工作站12代i7-12700H 16G 512G T600 高色域
17891408676,这款联想P15V笔记本工作站品质非常不错很好用，外观设计高端大气上档次手感光滑细腻做工精细，系统运行流畅不卡机，京东搞活动买的价格比较优惠,2022-07-27 08:49:17,0,0,5,2022-08-09 17:13:03,ThinkPad联想笔记本电脑ThinkPad P15v(09CD)英特尔酷睿i7 15.6英寸高性能工作站12代i7-12700H 16G 512G T600 高色域
17602872860,不错，用着办公好几天了，感觉非常流畅，键盘也舒服。开发完全够用啦???,2022-06-02 23:40:54,1,3,5,2022-06-08 17:19:24,ThinkPad联想笔记本电脑ThinkPad P15v(09CD)英特尔酷睿i7 15.6英寸高性能工作站12代i7-12700H 16G 512G T600 高色域
19025495342,送货上门速度很快，设计从业人员，电脑响应速度目前很快，期待后期使用优秀表现,2023-04-14 23:34:42,0,0,5,2023-04-15 22:03:27,ThinkPad联想笔记本电脑ThinkPad P15v(09CD)英特尔酷睿i7 15.6英寸高性能工作站12代i7-12700H 16G 512G T600 高色域
17942324215,"12代I7，用新不用旧。速度非常快，屏幕非常好，显示细腻，色彩鲜艳。
日常办公，基本没有发热。
接口丰富，LAN,USB,雷电一个都不少。
性价比不错。",2022-08-12 13:45:35,2,0,5,2022-08-21 16:06:06,ThinkPad联想笔记本电脑ThinkPad P15v(09CD)英特尔酷睿i7 15.6英寸高性能工作站12代i7-12700H 16G 512G T600 高色域
17683331704,高端大气上档次，低调奢华有内涵。好机器！,2022-06-20 17:10:48,0,2,5,2022-06-23 09:19:38,ThinkPad联想笔记本电脑ThinkPad P15v(09CD)英特尔酷睿i7 15.6英寸高性能工作站12代i7-12700H 16G 512G T600 高色域
19038605300,性能超爽，非常值得入手已是第二台，是搞设计的暂运行的图型文化一定压力都没，Good。,2023-04-14 12:56:15,0,0,5,2023-04-20 13:04:10,ThinkPad联想笔记本电脑ThinkPad P15v(09CD)英特尔酷睿i7 15.6英寸高性能工作站12代i7-12700H 16G 512G T600 高色域
17805753106,收到了，物流很快，服务很好，订购了原厂硬盘升级服务，等待上门安装中！期待升级后的体验，应该会有更多的惊喜！,2022-07-16 18:02:03,0,0,5,2022-07-21 08:09:21,ThinkPad联想笔记本电脑ThinkPad P15v(09CD)英特尔酷睿i7 15.6英寸高性能工作站12代i7-12700H 16G 512G T600 高色域
17716177871,"运行速度：杠杠滴
屏幕效果：润肺止咳化痰
散热性能：可煎可烤可以当暖手宝，毕竟功率在那
外形外观：阳刚，霸气",2022-06-13 21:36:12,2,0,5,2022-06-29 21:58:49,ThinkPad联想笔记本电脑ThinkPad P15v(09CD)英特尔酷睿i7 15.6英寸高性能工作站12代i7-12700H 16G 512G T600 高色域
18903797658,分量很足，看配置还行，后续看看流畅和散热再追评。。。。,2023-03-13 20:21:42,0,0,5,2023-03-15 22:32:28,ThinkPad联想笔记本电脑ThinkPad P15v(09CD)英特尔酷睿i7 15.6英寸高性能工作站12代i7-12700H 16G 512G T600 高色域
17820004901,"运行速度：很好
散热性能：风扇有时声音很响
外形外观：还可以
轻薄程度：比以前的款式都轻薄些",2022-06-02 18:31:25,0,0,5,2022-07-24 15:45:23,ThinkPad联想笔记本电脑ThinkPad P15v(09CD)英特尔酷睿i7 15.6英寸高性能工作站12代i7-12700H 16G 512G T600 高色域
17646293484,运行速度贼快，屏幕也非常清楚，做ps同时打开好多文件运行还飞快，外观也很不错，同时运行PS 和R语言也没有问题。,2022-05-27 22:11:40,0,2,5,2022-06-17 08:58:27,ThinkPad联想笔记本电脑ThinkPad P15v(09CD)英特尔酷睿i7 15.6英寸高性能工作站12代i7-12700H 16G 512G T600 高色域
18726229469,"运行速度：很快
外形外观：图形工作站，稳重踏实
轻薄程度：非轻薄
散热能力：较好",2023-01-06 22:34:32,0,0,5,2023-01-27 20:14:24,ThinkPad联想笔记本电脑ThinkPad P15v(09CD)英特尔酷睿i7 15.6英寸高性能工作站12代i7-12700H 16G 512G T600 高色域
17655697942,"不错，喜欢，性价比高，以后会经常光顾
运行速度：很快
屏幕效果：简直太好用了，只能用完美来形容！强烈推荐！",2022-06-15 16:30:46,0,4,5,2022-06-18 19:11:50,ThinkPad联想笔记本电脑ThinkPad P15v(09CD)英特尔酷睿i7 15.6英寸高性能工作站12代i7-12700H 16G 512G T600 高色域
17665400301,"运行速度：非常流畅，可以流畅运行所有软件
屏幕效果：清晰度非常好，看着也舒服。
外形外观：一直比较喜欢这个外观",2022-06-09 16:41:33,0,1,5,2022-06-20 10:05:53,ThinkPad联想笔记本电脑ThinkPad P15v(09CD)英特尔酷睿i7 15.6英寸高性能工作站12代i7-12700H 16G 512G T600 高色域
19024131216,帮公家买的。。。。送货速度很快。。。。质量也有保证。。非常好,2023-03-17 18:35:19,0,0,5,2023-04-15 13:51:39,ThinkPad联想笔记本电脑ThinkPad P15v(09CD)英特尔酷睿i7 15.6英寸高性能工作站12代i7-12700H 16G 512G T600 高色域
17669924128,"不是，很好，
运行速度：快
屏幕效果：亮
散热性能：好
外形外观：漂亮",2022-06-14 10:01:23,0,0,5,2022-06-20 21:09:47,ThinkPad联想笔记本电脑ThinkPad P15v(09CD)英特尔酷睿i7 15.6英寸高性能工作站12代i7-12700H 16G 512G T600 高色域
18076508672,"运行速度：快
屏幕效果：好
轻薄程度：适中
散热性能：非常优秀，风扇声音很小",2022-09-09 22:22:02,0,0,5,2022-09-17 21:28:31,ThinkPad联想笔记本电脑ThinkPad P15v(09CD)英特尔酷睿i7 15.6英寸高性能工作站12代i7-12700H 16G 512G T600 高色域
19213838414,开机很快，外壳是经典的磨砂款，非常有质感，非常值得入手的一款办公笔记本，屏幕看久了也不累,2023-06-09 15:33:33,0,0,5,2023-06-11 19:28:05,ThinkPad联想笔记本电脑ThinkPad P15v(09CD)英特尔酷睿i7 15.6英寸高性能工作站12代i7-12700H 16G 512G T600 高色域
18385741618,双十一给先生换了一台新电脑，使用感受都很不错，家里一直用thinkpad的电脑，这应该是买的第5台了，相信京东，性价比超高。,2022-11-03 22:59:13,0,0,5,2022-11-14 10:37:35,ThinkPad联想笔记本电脑ThinkPad P15v(09CD)英特尔酷睿i7 15.6英寸高性能工作站12代i7-12700H 16G 512G T600 高色域
19088761133,"运行速度：非常快
散热性能：一般
如果是简单办公够用就行，电脑更新的太快。",2023-04-12 17:04:41,0,0,5,2023-05-06 23:49:35,ThinkPad联想笔记本电脑ThinkPad P15v(09CD)英特尔酷睿i7 15.6英寸高性能工作站12代i7-12700H 16G 512G T600 高色域
17894181174,"运行速度：很好
屏幕效果：很好
散热性能：良好
外形外观：良好
轻薄程度：不好",2022-08-02 11:11:07,0,0,5,2022-08-10 11:24:19,ThinkPad联想笔记本电脑ThinkPad P15v(09CD)英特尔酷睿i7 15.6英寸高性能工作站12代i7-12700H 16G 512G T600 高色域
18109394620,京东自营的产品物流很给力，上午下单，下午就到。包装完好，全新产品。15V属于移动工作站入门级的产品，有一定的扩展能力。预装的WIN11和office，基本满足使用要求。电池不可分离，裸机不到6斤，略重。整体满意。,2022-09-23 05:00:21,0,0,5,2022-09-24 07:54:11,ThinkPad联想笔记本电脑ThinkPad P15v(09CD)英特尔酷睿i7 15.6英寸高性能工作站12代i7-12700H 16G 512G T600 高色域
17991647101,非常值得推荐的本，速度很快，主要是扩展性强，两个硬盘插槽，两个内存插槽，接口也多，拿着也不重。非常棒的体验。,2022-08-24 21:24:27,0,0,5,2022-08-31 11:24:05,ThinkPad联想笔记本电脑ThinkPad P15v(09CD)英特尔酷睿i7 15.6英寸高性能工作站12代i7-12700H 16G 512G T600 高色域
17952274865,发货速度很快，今天下单，第二天就收到货了，电脑使用目前比较顺畅，相信联想thinkpad，已经购买几台了，京东平台值得购买，,2022-08-05 10:39:20,0,0,5,2022-08-23 14:56:55,ThinkPad联想笔记本电脑ThinkPad P15v(09CD)英特尔酷睿i7 15.6英寸高性能工作站12代i7-12700H 16G 512G T600 高色域
17766042711,当时买的时候还在犹豫价格，买来之后一点都不后悔，而且物流还快，可以入手真的超级喜欢，质量非常好，与卖家描述的一致！已经用过一段时间了，效果不错?，客服服务有耐心，解答详细，赞一个是正品，而且价格不贵，用着也很大气，一直在用，很好??,2022-06-27 12:06:16,0,0,5,2022-07-11 17:57:43,ThinkPad联想笔记本电脑ThinkPad P15v(09CD)英特尔酷睿i7 15.6英寸高性能工作站12代i7-12700H 16G 512G T600 高色域
17638393511,专门买来设计用的，非常满意，配置很符合要求。联想大品牌值得信赖，在京东购买电器一类的也放心，质量有保证，物流很给力。喜欢的朋友安心下单哦！,2022-05-27 14:43:24,0,0,5,2022-06-15 16:26:04,ThinkPad联想笔记本电脑ThinkPad P15v(09CD)英特尔酷睿i7 15.6英寸高性能工作站12代i7-12700H 16G 512G T600 高色域
17963312256,"笔记本做工非常好。配置很高。工程做设计杠杠的。CAD，SolidWorks，proe，画图完全没有问题。
这个价格应该上2K屏了吧。现在还是1080的屏。",2022-08-24 21:13:35,0,0,5,2022-08-25 16:35:01,ThinkPad联想笔记本电脑ThinkPad P15v(09CD)英特尔酷睿i7 15.6英寸高性能工作站12代i7-12700H 16G 512G T600 高色域
17979764798,值得信赖的ThinkPad，给力的京东物流，机器流畅的运转，高清晰的屏幕，非常不错的一款产品。,2022-08-27 21:09:39,0,0,5,2022-08-28 23:26:15,ThinkPad联想笔记本电脑ThinkPad P15v(09CD)英特尔酷睿i7 15.6英寸高性能工作站12代i7-12700H 16G 512G T600 高色域
17665401331,包装非常好，开机速度也非常快，处理器性能优越，性价比高，做图形设计，还是挺不错的，非常喜欢！,2022-06-09 16:54:12,0,0,5,2022-06-20 10:07:11,ThinkPad联想笔记本电脑ThinkPad P15v(09CD)英特尔酷睿i7 15.6英寸高性能工作站12代i7-12700H 16G 512G T600 高色域
18840077179,开机很快，运行很很快，声音音质也好，画面清晰，很喜欢，物美价廉,2023-02-13 19:43:38,0,0,5,2023-03-01 08:51:36,ThinkPad联想笔记本电脑ThinkPad P15v(09CD)英特尔酷睿i7 15.6英寸高性能工作站12代i7-12700H 16G 512G T600 高色域
17934788359,京东物流，发货快，包装完好。经典黑的外观，15.6英寸的屏幕刚刚好，16GB的内存足以支撑起仿真软件的运行，一击上瘾的打字感受，性价比很高的一款笔记本！大品牌值得信赖。,2022-08-13 22:24:20,0,0,5,2022-08-19 22:36:35,ThinkPad联想笔记本电脑ThinkPad P15v(09CD)英特尔酷睿i7 15.6英寸高性能工作站12代i7-12700H 16G 512G T600 高色域
17631016517,对比了很久 最终还是选择了这款笔记本 简直是我们做设计画图的福音 之前买过其他的牌子 无论是手感还是外观或者是产品的性能都是没办法和这款比较的 画图算量真的很顺手 这次618价格很给力 果断下手 送给自己一个生日礼物,2022-06-11 22:02:01,0,4,5,2022-06-14 06:22:19,ThinkPad联想笔记本电脑ThinkPad P15v(09CD)英特尔酷睿i7 15.6英寸高性能工作站12代i7-12700H 16G 512G T600 高色域
18990287065,买来用了快两个月了吧！目前没有任何问题 老公保管的很好 也很喜欢 宝子们可以放心购买了,2023-02-12 21:50:06,0,0,5,2023-04-05 10:11:31,ThinkPad联想笔记本电脑ThinkPad P15v(09CD)英特尔酷睿i7 15.6英寸高性能工作站12代i7-12700H 16G 512G T600 高色域
19025074227,物流速度超级快的，用着也挺好的，一点也不卡开机也挺快的，我主要用来写程序，制图我很满意。,2023-04-08 22:06:23,0,0,5,2023-04-15 19:29:17,ThinkPad联想笔记本电脑ThinkPad P15v(09CD)英特尔酷睿i7 15.6英寸高性能工作站12代i7-12700H 16G 512G T600 高色域
18749271231,固态硬盘，开机速度很快，外观大气，很喜欢。,2022-12-31 10:33:04,0,0,5,2023-02-04 13:18:59,ThinkPad联想笔记本电脑ThinkPad P15v(09CD)英特尔酷睿i7 15.6英寸高性能工作站12代i7-12700H 16G 512G T600 高色域
17852051544,特意让快递小哥晚上送货，机子版型美观大方，有小键盘，12代处理器性能提高不少，专业显卡拿来写代码搞点设计非常适合。,2022-07-29 00:00:19,0,0,5,2022-07-31 10:25:22,ThinkPad联想笔记本电脑ThinkPad P15v(09CD)英特尔酷睿i7 15.6英寸高性能工作站12代i7-12700H 16G 512G T600 高色域
18390176241,不错，之前买的T480把用了十年T410积累下对thinkpad的好感几乎都毁了，这次犹豫了很久，最后选中了这款P15V，现在用了几天，感觉确实不错，速度很给力。,2022-10-31 16:12:10,0,0,5,2022-11-14 22:10:30,ThinkPad联想笔记本电脑ThinkPad P15v(09CD)英特尔酷睿i7 15.6英寸高性能工作站12代i7-12700H 16G 512G T600 高色域
18769632088,本本外观设计漂亮，屏幕显示效果很好，适合办公、设计师常用软件使用,2023-02-04 14:01:40,0,0,5,2023-02-10 14:19:57,ThinkPad联想笔记本电脑ThinkPad P15v(09CD)英特尔酷睿i7 15.6英寸高性能工作站12代i7-12700H 16G 512G T600 高色域
17948267384,非常满意，用着超快，就喜欢这个风格的设计,2022-08-05 20:16:02,0,0,5,2022-08-22 19:17:42,ThinkPad联想笔记本电脑ThinkPad P15v(09CD)英特尔酷睿i7 15.6英寸高性能工作站12代i7-12700H 16G 512G T600 高色域
19160962372,优化以后很好用，外观很商务，好评。,2023-04-04 09:07:44,0,0,5,2023-05-29 23:10:08,ThinkPad联想笔记本电脑ThinkPad P15v(09CD)英特尔酷睿i7 15.6英寸高性能工作站12代i7-12700H 16G 512G T600 高色域
17922813805,非常好，宝贝很高大上，质量很好，看上去就给人一种高级感，价格也合适，这次网购很愉快，大赞?,2022-08-12 10:31:24,0,0,5,2022-08-17 11:06:48,ThinkPad联想笔记本电脑ThinkPad P15v(09CD)英特尔酷睿i7 15.6英寸高性能工作站12代i7-12700H 16G 512G T600 高色域
17916845300,"运行速度：速度很快，
屏幕效果：清晰漂亮
散热性能：很好，",2022-06-19 18:27:53,0,0,5,2022-08-15 19:25:27,ThinkPad联想笔记本电脑ThinkPad P15v(09CD)英特尔酷睿i7 15.6英寸高性能工作站12代i7-12700H 16G 512G T600 高色域
17873370499,包装严实，物流很快，试用了一下非常满意！,2022-08-02 19:22:11,0,0,5,2022-08-05 07:17:12,ThinkPad联想笔记本电脑ThinkPad P15v(09CD)英特尔酷睿i7 15.6英寸高性能工作站12代i7-12700H 16G 512G T600 高色域
18818117241,东西到货快，客服也绝对专业，回访也很专业，这个机器配置绝对没毛病，我是工程画图用，用起来顺手，赞一个,2023-02-13 00:00:16,0,0,5,2023-02-22 21:42:54,ThinkPad联想笔记本电脑ThinkPad P15v(09CD)英特尔酷睿i7 15.6英寸高性能工作站12代i7-12700H 16G 512G T600 高色域
17658366551,12代挺强的，非常流畅，适合设计师外外面使用，续航能力还有待测试一下。,2022-06-09 13:45:41,0,0,5,2022-06-19 08:36:49,ThinkPad联想笔记本电脑ThinkPad P15v(09CD)英特尔酷睿i7 15.6英寸高性能工作站12代i7-12700H 16G 512G T600 高色域
18875698933,货物与电脑完全匹配，透明度高，很好用。,2023-03-06 14:27:17,0,0,5,2023-03-09 11:42:51,ThinkPad联想笔记本电脑ThinkPad P15v(09CD)英特尔酷睿i7 15.6英寸高性能工作站12代i7-12700H 16G 512G T600 高色域
18289428579,?宝贝收到了，很惊喜?，设计合理，时尚大方，继续关注，以后会回购的???,2022-09-16 12:08:45,0,0,5,2022-10-27 17:05:47,ThinkPad联想笔记本电脑ThinkPad P15v(09CD)英特尔酷睿i7 15.6英寸高性能工作站12代i7-12700H 16G 512G T600 高色域
17938828981,这款电脑性比是很高，IBM的老底的还行。一直用这个牌子，速度比之前快了好几倍。估计能用五年不会落伍。,2022-08-19 10:53:57,0,0,5,2022-08-20 20:18:02,ThinkPad联想笔记本电脑ThinkPad P15v(09CD)英特尔酷睿i7 15.6英寸高性能工作站12代i7-12700H 16G 512G T600 高色域
17581821126,机器就是好，简约大气，就是看上大牌子，发货速度很快很快,2022-06-03 02:18:17,0,0,5,2022-06-04 15:47:07,ThinkPad联想笔记本电脑ThinkPad P15v(09CD)英特尔酷睿i7 15.6英寸高性能工作站12代i7-12700H 16G 512G T600 高色域
18464072966,运行速度快，整个笔记本看起来很有质感,2022-11-07 16:01:54,0,0,5,2022-12-01 21:10:48,ThinkPad联想笔记本电脑ThinkPad P15v(09CD)英特尔酷睿i7 15.6英寸高性能工作站12代i7-12700H 16G 512G T600 高色域
18644212056,很好 速度快 屏幕清晰 散热还好,2022-11-06 21:08:14,1,1,5,2023-01-03 10:04:12,ThinkPad联想笔记本电脑ThinkPad P15v(09CD)英特尔酷睿i7 15.6英寸高性能工作站12代i7-12700H 16G 512G T600 高色域
18019695094,电脑真心不错，速度快无卡顿，同时运行两个机械软件也能轻松驾驭,2022-08-20 11:29:27,0,0,5,2022-09-05 16:53:41,ThinkPad联想笔记本电脑ThinkPad P15v(09CD)英特尔酷睿i7 15.6英寸高性能工作站12代i7-12700H 16G 512G T600 高色域
17860200660,送货很快，包装到位，电脑颜值高，性能好，用起来很舒服，相信物超所值！,2022-07-29 00:03:29,0,0,5,2022-08-01 21:46:37,ThinkPad联想笔记本电脑ThinkPad P15v(09CD)英特尔酷睿i7 15.6英寸高性能工作站12代i7-12700H 16G 512G T600 高色域
18682284514,完美，产品很惊艳，性价比合适，希望用的长久！,2022-11-25 00:00:51,0,0,5,2023-01-11 19:14:58,ThinkPad联想笔记本电脑ThinkPad P15v(09CD)英特尔酷睿i7 15.6英寸高性能工作站12代i7-12700H 16G 512G T600 高色域
17904750714,一以贯之的简洁大气，让人爱不释手,2022-08-10 22:28:38,0,0,5,2022-08-13 01:56:44,ThinkPad联想笔记本电脑ThinkPad P15v(09CD)英特尔酷睿i7 15.6英寸高性能工作站12代i7-12700H 16G 512G T600 高色域
17974108584,挑来选去，最终还是选择了这台笔记本，简直值了！超出预期效果！,2022-08-25 11:07:25,0,0,5,2022-08-27 19:49:36,ThinkPad联想笔记本电脑ThinkPad P15v(09CD)英特尔酷睿i7 15.6英寸高性能工作站12代i7-12700H 16G 512G T600 高色域
19180230354,宝贝很喜欢，win11系统更方便，有点苹果系统的感觉！,2023-05-30 19:21:22,0,0,5,2023-06-03 18:56:54,ThinkPad联想笔记本电脑ThinkPad P15v(09CD)英特尔酷睿i7 15.6英寸高性能工作站12代i7-12700H 16G 512G T600 高色域
19076154606,很好！目前没问题！希望品质完美！开机很快，散热可以！,2023-04-29 13:51:49,0,0,5,2023-05-02 19:20:52,ThinkPad联想笔记本电脑ThinkPad P15v(09CD)英特尔酷睿i7 15.6英寸高性能工作站12代i7-12700H 16G 512G T600 高色域
18443356022,非常不错，用着也挺好，支持民族品牌,2022-11-25 13:25:55,0,0,5,2022-11-26 12:22:49,ThinkPad联想笔记本电脑ThinkPad P15v(09CD)英特尔酷睿i7 15.6英寸高性能工作站12代i7-12700H 16G 512G T600 高色域
18898562856,正品，质量好，价格低，性比价高，物美价廉，物有所值，朋友看了都说好。客服服务热情都到。物流很给力,2023-02-22 16:06:57,0,0,5,2023-03-14 19:18:56,ThinkPad联想笔记本电脑ThinkPad P15v(09CD)英特尔酷睿i7 15.6英寸高性能工作站12代i7-12700H 16G 512G T600 高色域
17650031571,比起e系的好太多了，虽然可能比不上p15，但也够用了，质感非常不错，用起来也是很流畅，很爽，暂时够用了，等有钱了再上好的?哈哈,2022-06-15 20:02:25,4,0,5,2022-06-17 21:26:23,ThinkPad联想笔记本电脑ThinkPad P15v(09CD)英特尔酷睿i7 15.6英寸高性能工作站12代i7-12700H 16G 512G T600 高色域
19026564851,选择很久之后，最终还是买了它，非常给力的电脑。,2023-04-10 20:30:07,0,0,5,2023-04-16 11:51:03,ThinkPad联想笔记本电脑ThinkPad P15v(09CD)英特尔酷睿i7 15.6英寸高性能工作站12代i7-12700H 16G 512G T600 高色域
19070531857,电脑质量很不错，物流配送快，服务态度很好！,2023-04-21 08:09:00,0,0,5,2023-04-30 14:00:38,ThinkPad联想笔记本电脑ThinkPad P15v(09CD)英特尔酷睿i7 15.6英寸高性能工作站12代i7-12700H 16G 512G T600 高色域
18128900795,东西收到了，质量很好，颜色也很漂亮，物流也很快，好评！,2022-09-26 09:12:31,0,0,5,2022-09-27 20:39:26,ThinkPad联想笔记本电脑ThinkPad P15v(09CD)英特尔酷睿i7 15.6英寸高性能工作站12代i7-12700H 16G 512G T600 高色域
18563532937,工作站到底不一样，多个工具可以秒开！尤其是可扩展性非常好！,2022-11-03 14:42:04,0,0,5,2022-12-18 17:18:59,ThinkPad联想笔记本电脑ThinkPad P15v(09CD)英特尔酷睿i7 15.6英寸高性能工作站12代i7-12700H 16G 512G T600 高色域
17941962073,专业人士极力推荐，配置高，运行流畅。孩子上大学用可以了。比实体店买价格优惠，次日达非常快。全国联保售后有保障,2022-08-19 19:21:01,0,0,5,2022-08-21 14:37:22,ThinkPad联想笔记本电脑ThinkPad P15v(09CD)英特尔酷睿i7 15.6英寸高性能工作站12代i7-12700H 16G 512G T600 高色域
18409261859,已经收到了，运行速度可以，屏幕效果也很好，外观经典,2022-11-02 17:59:49,0,0,5,2022-11-18 14:52:07,ThinkPad联想笔记本电脑ThinkPad P15v(09CD)英特尔酷睿i7 15.6英寸高性能工作站12代i7-12700H 16G 512G T600 高色域
19213317602,很不错，显示效果很好，性能也很棒，值得购买！,2023-06-10 21:05:17,0,0,5,2023-06-11 17:22:42,ThinkPad联想笔记本电脑ThinkPad P15v(09CD)英特尔酷睿i7 15.6英寸高性能工作站12代i7-12700H 16G 512G T600 高色域
17664478481,物流非常快，晚上十点多下单，第二天早上收货。电脑反应快，适合PR运行。,2022-06-18 22:47:55,1,0,5,2022-06-20 03:15:05,ThinkPad联想笔记本电脑ThinkPad P15v(09CD)英特尔酷睿i7 15.6英寸高性能工作站12代i7-12700H 16G 512G T600 高色域
19119271451,非常不错，办公本用来太顺手了，开机速度超快。,2023-05-09 14:21:40,0,0,5,2023-05-17 10:49:20,ThinkPad联想笔记本电脑ThinkPad P15v(09CD)英特尔酷睿i7 15.6英寸高性能工作站12代i7-12700H 16G 512G T600 高色域
19209349395,老用户了一直在买，颜值质量都是一流的。,2023-06-06 10:19:52,0,0,5,2023-06-10 17:08:17,ThinkPad联想笔记本电脑ThinkPad P15v(09CD)英特尔酷睿i7 15.6英寸高性能工作站12代i7-12700H 16G 512G T600 高色域
19159126627,宝贝已收到?，超级喜欢，颜值高又实用，超级喜欢！???,2023-05-22 15:45:24,0,0,5,2023-05-29 14:16:17,ThinkPad联想笔记本电脑ThinkPad P15v(09CD)英特尔酷睿i7 15.6英寸高性能工作站12代i7-12700H 16G 512G T600 高色域
17952924634,电脑速度很给力，显示屏清晰，期待后期使用感受,2022-08-19 11:34:56,0,0,5,2022-08-23 17:02:49,ThinkPad联想笔记本电脑ThinkPad P15v(09CD)英特尔酷睿i7 15.6英寸高性能工作站12代i7-12700H 16G 512G T600 高色域
17671282731,这款工作站性价比超高，用过都说好，cad，sol，ug，invt，soeg，sim各款都运行顺畅,2022-06-17 20:05:48,0,0,5,2022-06-21 07:48:00,ThinkPad联想笔记本电脑ThinkPad P15v(09CD)英特尔酷睿i7 15.6英寸高性能工作站12代i7-12700H 16G 512G T600 高色域
18456618106,非常非常喜欢，各种流畅。,2022-11-16 01:19:16,1,0,5,2022-11-29 22:02:51,ThinkPad联想笔记本电脑ThinkPad P15v(09CD)英特尔酷睿i7 15.6英寸高性能工作站12代i7-12700H 16G 512G T600 高色域
18119319465,京东自营，物流超快，我在中山黄埔早上下的单，下午就送达！原装正品，运行速度非常流畅！配送员直接电话并找到我当面交货，非常的赞！?,2022-09-22 08:42:29,0,0,5,2022-09-26 01:51:08,ThinkPad联想笔记本电脑ThinkPad P15v(09CD)英特尔酷睿i7 15.6英寸高性能工作站12代i7-12700H 16G 512G T600 高色域
18964666706,?从没想过这么实惠的价格，?能买到这么好的宝贝，?性价比非常高，我很喜欢哦?,2023-03-28 12:37:43,0,1,5,2023-03-30 15:02:15,ThinkPad联想笔记本电脑ThinkPad P15v(09CD)英特尔酷睿i7 15.6英寸高性能工作站12代i7-12700H 16G 512G T600 高色域
18015946162,孩子明天上网课，电脑遇到点小问题，09号小妹大晚上的还很耐心解答，问题已解决，非常感谢?。选联想没错，大品牌都有保障呢！,2022-09-02 22:17:56,0,0,5,2022-09-04 22:01:47,ThinkPad联想笔记本电脑ThinkPad P15v(09CD)英特尔酷睿i7 15.6英寸高性能工作站12代i7-12700H 16G 512G T600 高色域
18367916616,收到啦，很不错，非常喜欢，值得购买，(*^__^*) 嘻嘻&hellip;&hellip;,2022-11-04 22:11:51,0,0,5,2022-11-11 14:41:04,ThinkPad联想笔记本电脑ThinkPad P15v(09CD)英特尔酷睿i7 15.6英寸高性能工作站12代i7-12700H 16G 512G T600 高色域
18434188568,机器非常不错，运行速度很快，满足我的使用。,2022-11-11 15:03:22,0,1,5,2022-11-23 22:05:17,ThinkPad联想笔记本电脑ThinkPad P15v(09CD)英特尔酷睿i7 15.6英寸高性能工作站12代i7-12700H 16G 512G T600 高色域
17605502597,"购买之前咨询了联想导购29号 ，回复的很专业，果断下单 ，送货速度很快。收到本后又升级的内存。标配是16G单条的  又单独加的16G的内存 总计32G,  又单独加的1T的固态，完美极了，非常超值。",2022-06-06 15:46:29,0,3,5,2022-06-09 08:55:55,ThinkPad联想笔记本电脑ThinkPad P15v(09CD)英特尔酷睿i7 15.6英寸高性能工作站12代i7-12700H 16G 512G T600 高色域
18964676905,东西质量非常好，与卖家描述的完全一致，非常满意,2023-02-27 10:39:02,0,0,5,2023-03-30 15:02:31,ThinkPad联想笔记本电脑ThinkPad P15v(09CD)英特尔酷睿i7 15.6英寸高性能工作站12代i7-12700H 16G 512G T600 高色域
18964692404,发货速度很快，东西包装的很好，价格优惠，我很满意?，还会回购,2023-02-27 10:45:39,0,0,5,2023-03-30 15:02:25,ThinkPad联想笔记本电脑ThinkPad P15v(09CD)英特尔酷睿i7 15.6英寸高性能工作站12代i7-12700H 16G 512G T600 高色域
19036148768,非常好，一起买的，价格便宜，快递又快，京东商城还是非常的专业和贴心!,2023-04-15 11:42:26,0,0,5,2023-04-19 16:15:17,ThinkPad联想笔记本电脑ThinkPad P15v(09CD)英特尔酷睿i7 15.6英寸高性能工作站12代i7-12700H 16G 512G T600 高色域
17938045401,用于建筑电气设计，很满意，这个配置够用了,2022-08-03 13:42:15,0,0,5,2022-08-20 17:11:06,ThinkPad联想笔记本电脑ThinkPad P15v(09CD)英特尔酷睿i7 15.6英寸高性能工作站12代i7-12700H 16G 512G T600 高色域
18666465943,单位用的，买了两台，同事反馈很好，信任京东，信任联想,2022-11-23 10:29:34,0,0,5,2023-01-08 07:45:35,ThinkPad联想笔记本电脑ThinkPad P15v(09CD)英特尔酷睿i7 15.6英寸高性能工作站12代i7-12700H 16G 512G T600 高色域
17648166493,办公电脑还是Thinkpad的机子好，运行速度非常快，机子大小也合适，很喜欢。,2022-06-09 16:34:23,0,1,5,2022-06-17 15:13:51,ThinkPad联想笔记本电脑ThinkPad P15v(09CD)英特尔酷睿i7 15.6英寸高性能工作站12代i7-12700H 16G 512G T600 高色域
18025835036,真的很好用，对商品非常满意，属于无限回购款，推荐！,2022-08-15 06:32:05,0,0,5,2022-09-06 20:06:41,ThinkPad联想笔记本电脑ThinkPad P15v(09CD)英特尔酷睿i7 15.6英寸高性能工作站12代i7-12700H 16G 512G T600 高色域
17678416804,很好，很强大，就喜欢ThinkPad的小红点鼠标,2022-06-16 09:27:46,0,0,5,2022-06-22 11:23:20,ThinkPad联想笔记本电脑ThinkPad P15v(09CD)英特尔酷睿i7 15.6英寸高性能工作站12代i7-12700H 16G 512G T600 高色域
19195501812,使用了一段时间，开机速度软件运行速度很快,2023-04-12 06:55:34,0,0,5,2023-06-07 09:40:59,ThinkPad联想笔记本电脑ThinkPad P15v(09CD)英特尔酷睿i7 15.6英寸高性能工作站12代i7-12700H 16G 512G T600 高色域
17914420255,还在使用中&hellip;&hellip;应该是很不错的，先好评。,2022-08-03 11:23:19,0,0,5,2022-08-15 09:34:35,ThinkPad联想笔记本电脑ThinkPad P15v(09CD)英特尔酷睿i7 15.6英寸高性能工作站12代i7-12700H 16G 512G T600 高色域
18642978481,用了快半个月，开机速度在16秒内，很爽,2022-11-10 17:53:34,0,0,5,2023-01-02 21:46:57,ThinkPad联想笔记本电脑ThinkPad P15v(09CD)英特尔酷睿i7 15.6英寸高性能工作站12代i7-12700H 16G 512G T600 高色域
18335293968,价格非常的美丽，东西还是不错的，会继续回购！全五分！奈斯奈斯～,2022-11-04 10:32:25,0,0,5,2022-11-05 16:22:34,ThinkPad联想笔记本电脑ThinkPad P15v(09CD)英特尔酷睿i7 15.6英寸高性能工作站12代i7-12700H 16G 512G T600 高色域
18981326904,质量非常好，客服态度非常非常赞，有问题及时给解决了,2023-02-04 16:18:44,0,0,5,2023-04-03 16:15:20,ThinkPad联想笔记本电脑ThinkPad P15v(09CD)英特尔酷睿i7 15.6英寸高性能工作站12代i7-12700H 16G 512G T600 高色域
17638573112,"运行速度：运行速度非常给力，非常适合办公用
屏幕效果：显示效果也挺不错的
散热性能：散热性能也非常好
外形外观：样子也非常喜欢",2022-06-09 16:33:20,0,0,5,2022-06-15 17:04:17,ThinkPad联想笔记本电脑ThinkPad P15v(09CD)英特尔酷睿i7 15.6英寸高性能工作站12代i7-12700H 16G 512G T600 高色域
18662454368,很好用，联想大品牌，值得信赖。配送很快，配送员很好,2023-01-05 12:18:17,0,0,5,2023-01-07 09:21:27,ThinkPad联想笔记本电脑ThinkPad P15v(09CD)英特尔酷睿i7 15.6英寸高性能工作站12代i7-12700H 16G 512G T600 高色域
18345972940,经典的小红帽和黑色机身，尽显Thinkpad的商务气质，作为图形工作站级的笔记本，能做到这个轻薄程度确实不错，一般性的使用条件下很安静,2022-09-08 11:39:46,0,0,5,2022-11-07 14:34:29,ThinkPad联想笔记本电脑ThinkPad P15v(09CD)英特尔酷睿i7 15.6英寸高性能工作站12代i7-12700H 16G 512G T600 高色域
18204583769,外观很好，性能不错，目前一切都好,2022-09-19 10:27:27,0,0,5,2022-10-13 13:23:51,ThinkPad联想笔记本电脑ThinkPad P15v(09CD)英特尔酷睿i7 15.6英寸高性能工作站12代i7-12700H 16G 512G T600 高色域
18663012192,速度很快。到手后立即玩了一把蜘蛛纸牌，爽,2023-01-01 06:38:26,0,0,5,2023-01-07 11:38:34,ThinkPad联想笔记本电脑ThinkPad P15v(09CD)英特尔酷睿i7 15.6英寸高性能工作站12代i7-12700H 16G 512G T600 高色域
18856750529,把之前的笔记本换购了 还是选择了P系列,2023-02-20 00:04:37,0,0,5,2023-03-05 12:50:16,ThinkPad联想笔记本电脑ThinkPad P15v(09CD)英特尔酷睿i7 15.6英寸高性能工作站12代i7-12700H 16G 512G T600 高色域
17785986850,电脑质量很好，运行稳定，速度快。,2022-06-10 22:49:25,0,0,5,2022-07-16 13:14:35,ThinkPad联想笔记本电脑ThinkPad P15v(09CD)英特尔酷睿i7 15.6英寸高性能工作站12代i7-12700H 16G 512G T600 高色域
17673010310,还不错，到货很快，12代做活动买的划来，希望多用一段时间。,2022-06-08 16:18:36,1,0,5,2022-06-21 13:13:56,ThinkPad联想笔记本电脑ThinkPad P15v(09CD)英特尔酷睿i7 15.6英寸高性能工作站12代i7-12700H 16G 512G T600 高色域
19205320910,东西很好，发货速度也很快，下次继续购买，好评,2023-04-04 11:53:48,0,0,5,2023-06-09 16:49:57,ThinkPad联想笔记本电脑ThinkPad P15v(09CD)英特尔酷睿i7 15.6英寸高性能工作站12代i7-12700H 16G 512G T600 高色域
17986295108,京东上买的第N个电脑了，上海这里收货还是很快，晚上下单第二天早上就收到了,2022-08-15 22:35:42,0,0,5,2022-08-30 10:47:14,ThinkPad联想笔记本电脑ThinkPad P15v(09CD)英特尔酷睿i7 15.6英寸高性能工作站12代i7-12700H 16G 512G T600 高色域
18337722200,非常满意，相信ThinkPad的品质，一如既往支持！,2022-10-30 11:48:33,0,0,5,2022-11-05 23:48:42,ThinkPad联想笔记本电脑ThinkPad P15v(09CD)英特尔酷睿i7 15.6英寸高性能工作站12代i7-12700H 16G 512G T600 高色域
18186345753,高端就是高端，超过我的目击范围。这钱花的值。,2022-09-29 16:14:53,0,0,5,2022-10-09 09:12:27,ThinkPad联想笔记本电脑ThinkPad P15v(09CD)英特尔酷睿i7 15.6英寸高性能工作站12代i7-12700H 16G 512G T600 高色域
17787760906,发货快，已经在使用，很好，很强大,2022-07-13 11:51:28,0,0,5,2022-07-16 20:29:35,ThinkPad联想笔记本电脑ThinkPad P15v(09CD)英特尔酷睿i7 15.6英寸高性能工作站12代i7-12700H 16G 512G T600 高色域
17584530240,质量非常好，很快就收到货了，非常棒，融合世界最顶级的软硬件,2022-06-01 21:58:49,0,0,5,2022-06-05 06:04:45,ThinkPad联想笔记本电脑ThinkPad P15v(09CD)英特尔酷睿i7 15.6英寸高性能工作站12代i7-12700H 16G 512G T600 高色域
17889029188,质量还是非常好的，以后还会光顾。,2022-07-02 15:35:10,0,0,5,2022-08-09 07:29:29,ThinkPad联想笔记本电脑ThinkPad P15v(09CD)英特尔酷睿i7 15.6英寸高性能工作站12代i7-12700H 16G 512G T600 高色域
17996975555,性能杠杠的，加了固态硬盘，爽,2022-08-24 21:12:16,0,0,5,2022-09-01 13:02:21,ThinkPad联想笔记本电脑ThinkPad P15v(09CD)英特尔酷睿i7 15.6英寸高性能工作站12代i7-12700H 16G 512G T600 高色域
18095588189,送货速度太快，上午下的订单，下午就送到了，京东速度牛,2022-09-21 10:51:11,0,0,5,2022-09-21 15:17:15,ThinkPad联想笔记本电脑ThinkPad P15v(09CD)英特尔酷睿i7 15.6英寸高性能工作站12代i7-12700H 16G 512G T600 高色域
18099744488,大品牌，质量有保证，进系统很快,2022-09-21 15:07:10,0,0,5,2022-09-22 11:12:37,ThinkPad联想笔记本电脑ThinkPad P15v(09CD)英特尔酷睿i7 15.6英寸高性能工作站12代i7-12700H 16G 512G T600 高色域
17894137423,一直非常支持ThinkPad，画起图来非常流畅。,2022-08-08 14:15:56,1,0,5,2022-08-10 11:14:07,ThinkPad联想笔记本电脑ThinkPad P15v(09CD)英特尔酷睿i7 15.6英寸高性能工作站12代i7-12700H 16G 512G T600 高色域
17952546902,"运行速度：快快快
屏幕效果：清楚舒服
散热性能：好
外形外观：时尚轻便
轻薄程度：适中
发货快，已经买了好几次了，单位买了好多这个电脑，外观时尚好看，速度快，同事们很喜欢。",2022-08-18 14:09:49,0,0,5,2022-08-23 15:59:44,ThinkPad联想笔记本电脑ThinkPad P15v(09CD)英特尔酷睿i7 15.6英寸高性能工作站12代i7-12700H 16G 512G T600 高色域
17875404746,机器很好，一直用的都是THINKPAD的电脑。,2022-08-01 21:17:50,0,0,5,2022-08-05 16:55:02,ThinkPad联想笔记本电脑ThinkPad P15v(09CD)英特尔酷睿i7 15.6英寸高性能工作站12代i7-12700H 16G 512G T600 高色域
17574741965,终于等到了，超级喜欢?,2022-05-31 21:19:08,1,0,5,2022-06-03 06:36:19,ThinkPad联想笔记本电脑ThinkPad P15v(09CD)英特尔酷睿i7 15.6英寸高性能工作站12代i7-12700H 16G 512G T600 高色域
17894675377,给家里买的，性能很好，有点沉,2022-06-27 22:08:50,0,0,5,2022-08-10 13:26:41,ThinkPad联想笔记本电脑ThinkPad P15v(09CD)英特尔酷睿i7 15.6英寸高性能工作站12代i7-12700H 16G 512G T600 高色域
19029297635,不错不错，质量还是很好的,2023-04-08 11:09:17,0,0,5,2023-04-17 10:58:53,ThinkPad联想笔记本电脑ThinkPad P15v(09CD)英特尔酷睿i7 15.6英寸高性能工作站12代i7-12700H 16G 512G T600 高色域
19077614642,工作站工作效率很不错???,2023-04-08 14:24:45,0,0,5,2023-05-03 10:36:05,ThinkPad联想笔记本电脑ThinkPad P15v(09CD)英特尔酷睿i7 15.6英寸高性能工作站12代i7-12700H 16G 512G T600 高色域
18899678981,笔记本运行很快，不错的一次网购,2023-03-04 10:25:50,0,0,5,2023-03-15 08:42:24,ThinkPad联想笔记本电脑ThinkPad P15v(09CD)英特尔酷睿i7 15.6英寸高性能工作站12代i7-12700H 16G 512G T600 高色域
18429471793,电脑很好用，物流很快 也很实惠,2022-10-31 21:59:21,0,0,5,2022-11-22 20:40:52,ThinkPad联想笔记本电脑ThinkPad P15v(09CD)英特尔酷睿i7 15.6英寸高性能工作站12代i7-12700H 16G 512G T600 高色域
19040228283,办公用的，功能很好~,2023-04-14 09:03:58,0,0,5,2023-04-20 22:20:28,ThinkPad联想笔记本电脑ThinkPad P15v(09CD)英特尔酷睿i7 15.6英寸高性能工作站12代i7-12700H 16G 512G T600 高色域
17951411736,本子不错，运行速度很快,2022-07-22 11:51:23,0,0,5,2022-08-23 11:40:00,ThinkPad联想笔记本电脑ThinkPad P15v(09CD)英特尔酷睿i7 15.6英寸高性能工作站12代i7-12700H 16G 512G T600 高色域
18107432480,很好，不错，交付用的,2022-09-21 19:46:53,0,0,5,2022-09-23 19:28:09,ThinkPad联想笔记本电脑ThinkPad P15v(09CD)英特尔酷睿i7 15.6英寸高性能工作站12代i7-12700H 16G 512G T600 高色域
18956136848,物流很快，在京东买数码产品放心。,2023-02-02 16:19:00,0,0,5,2023-03-29 08:53:49,ThinkPad联想笔记本电脑ThinkPad P15v(09CD)英特尔酷睿i7 15.6英寸高性能工作站12代i7-12700H 16G 512G T600 高色域
17830742057,质量非常好，性能稳定。,2022-06-16 01:34:40,0,0,5,2022-07-26 18:19:50,ThinkPad联想笔记本电脑ThinkPad P15v(09CD)英特尔酷睿i7 15.6英寸高性能工作站12代i7-12700H 16G 512G T600 高色域
17597805499,这款笔记本性能非常好，专门选了性能好的cpu。,2022-06-06 10:06:18,0,0,5,2022-06-07 16:54:28,ThinkPad联想笔记本电脑ThinkPad P15v(09CD)英特尔酷睿i7 15.6英寸高性能工作站12代i7-12700H 16G 512G T600 高色域
18808966936,京东快递很火速，隔天就到货。,2023-02-15 10:48:32,0,0,5,2023-02-20 15:03:01,ThinkPad联想笔记本电脑ThinkPad P15v(09CD)英特尔酷睿i7 15.6英寸高性能工作站12代i7-12700H 16G 512G T600 高色域
18830895441,价格很美丽，Thinkpad一直都很好,2023-02-06 22:44:13,0,0,5,2023-02-26 20:36:55,ThinkPad联想笔记本电脑ThinkPad P15v(09CD)英特尔酷睿i7 15.6英寸高性能工作站12代i7-12700H 16G 512G T600 高色域
18318409132,用着非常好用，值得购买,2022-09-28 22:51:52,0,0,5,2022-11-02 15:46:09,ThinkPad联想笔记本电脑ThinkPad P15v(09CD)英特尔酷睿i7 15.6英寸高性能工作站12代i7-12700H 16G 512G T600 高色域
18084330802,全新未开封，效果非常好。,2022-09-18 15:57:58,0,0,5,2022-09-19 13:06:37,ThinkPad联想笔记本电脑ThinkPad P15v(09CD)英特尔酷睿i7 15.6英寸高性能工作站12代i7-12700H 16G 512G T600 高色域
17957521585,兼容性很好，性价比很高。,2022-08-15 15:10:50,0,0,5,2022-08-24 14:28:48,ThinkPad联想笔记本电脑ThinkPad P15v(09CD)英特尔酷睿i7 15.6英寸高性能工作站12代i7-12700H 16G 512G T600 高色域
18003011187,电脑非常不错，物流很快,2022-08-30 11:04:34,0,0,5,2022-09-02 15:12:36,ThinkPad联想笔记本电脑ThinkPad P15v(09CD)英特尔酷睿i7 15.6英寸高性能工作站12代i7-12700H 16G 512G T600 高色域
18682893450,喜欢的品牌，性价比很高！,2022-11-17 16:47:23,0,0,5,2023-01-11 21:20:53,ThinkPad联想笔记本电脑ThinkPad P15v(09CD)英特尔酷睿i7 15.6英寸高性能工作站12代i7-12700H 16G 512G T600 高色域
18435900385,用起来还是很顺手的，,2022-10-30 21:34:29,0,0,5,2022-11-24 12:31:33,ThinkPad联想笔记本电脑ThinkPad P15v(09CD)英特尔酷睿i7 15.6英寸高性能工作站12代i7-12700H 16G 512G T600 高色域
19086020238,全新正品，价廉物美！,2023-04-04 21:12:07,0,0,5,2023-05-06 03:45:56,ThinkPad联想笔记本电脑ThinkPad P15v(09CD)英特尔酷睿i7 15.6英寸高性能工作站12代i7-12700H 16G 512G T600 高色域
17667122520,非常好用非常方便实用,2022-06-17 16:32:55,0,0,5,2022-06-20 14:25:07,ThinkPad联想笔记本电脑ThinkPad P15v(09CD)英特尔酷睿i7 15.6英寸高性能工作站12代i7-12700H 16G 512G T600 高色域
17956762714,非常给力。一如既往。棒棒的,2022-08-17 21:56:52,0,0,5,2022-08-24 11:33:40,ThinkPad联想笔记本电脑ThinkPad P15v(09CD)英特尔酷睿i7 15.6英寸高性能工作站12代i7-12700H 16G 512G T600 高色域
17895475526,性价比杠杠的，非常实惠,2022-07-22 20:18:30,0,0,5,2022-08-10 16:43:06,ThinkPad联想笔记本电脑ThinkPad P15v(09CD)英特尔酷睿i7 15.6英寸高性能工作站12代i7-12700H 16G 512G T600 高色域
17857355232,京东自营送货速度超快。,2022-06-16 11:54:18,0,0,5,2022-08-01 12:02:45,ThinkPad联想笔记本电脑ThinkPad P15v(09CD)英特尔酷睿i7 15.6英寸高性能工作站12代i7-12700H 16G 512G T600 高色域
17601557509,性能不错，速度很快，感觉很好,2022-06-02 21:14:48,0,0,5,2022-06-08 13:00:57,ThinkPad联想笔记本电脑ThinkPad P15v(09CD)英特尔酷睿i7 15.6英寸高性能工作站12代i7-12700H 16G 512G T600 高色域
18312438673,大品牌，值得信赖！大品牌，值得信赖！大品牌，值得信赖！,2022-10-18 16:06:39,0,0,5,2022-11-01 14:24:52,ThinkPad联想笔记本电脑ThinkPad P15v(09CD)英特尔酷睿i7 15.6英寸高性能工作站12代i7-12700H 16G 512G T600 高色域
17647239744,笔记本看起来很不错，质感满满。,2022-06-14 19:57:35,0,0,5,2022-06-17 12:04:58,ThinkPad联想笔记本电脑ThinkPad P15v(09CD)英特尔酷睿i7 15.6英寸高性能工作站12代i7-12700H 16G 512G T600 高色域
18472222626,收到啦，很不错，非常喜欢，值得购买，(*^__^*) 嘻嘻&hellip;&hellip;,2022-10-30 18:18:45,0,0,5,2022-12-03 23:09:17,ThinkPad联想笔记本电脑ThinkPad P15v(09CD)英特尔酷睿i7 15.6英寸高性能工作站12代i7-12700H 16G 512G T600 高色域
17602107547,"运行速度：极速流畅，全新速度体验很好。
屏幕效果：柔和润眼，眼睛久看不疲劳。
散热性能：高效变频，稳定，提供强大操控需求，恒温。
外形外观：经典依旧，商务家用优雅的工作站。
轻薄程度：纤薄有度。",2022-05-27 23:38:51,0,0,5,2022-06-08 15:04:16,ThinkPad联想笔记本电脑ThinkPad P15v(09CD)英特尔酷睿i7 15.6英寸高性能工作站12代i7-12700H 16G 512G T600 高色域
18514514374,机子非常不错，运行速度还可以,2022-12-08 09:59:35,0,0,5,2022-12-12 09:25:39,ThinkPad联想笔记本电脑ThinkPad P15v(09CD)英特尔酷睿i7 15.6英寸高性能工作站12代i7-12700H 16G 512G T600 高色域
17957549474,兼容性很好，性价比很高。,2022-08-15 15:14:57,0,0,5,2022-08-24 14:28:12,ThinkPad联想笔记本电脑ThinkPad P15v(09CD)英特尔酷睿i7 15.6英寸高性能工作站12代i7-12700H 16G 512G T600 高色域
19015100843,收到啦，很不错，非常喜欢，值得购买，(*^__^*) 嘻嘻&hellip;&hellip;,2023-03-22 16:42:59,0,0,5,2023-04-12 11:38:09,ThinkPad联想笔记本电脑ThinkPad P15v(09CD)英特尔酷睿i7 15.6英寸高性能工作站12代i7-12700H 16G 512G T600 高色域
19153723897,?商品收到了，包装得很好，物流非常快，客服态度很积极，有问题及时解答！总体来说非常满意！,2023-04-27 08:17:04,0,0,5,2023-05-27 22:05:49,ThinkPad联想笔记本电脑ThinkPad P15v(09CD)英特尔酷睿i7 15.6英寸高性能工作站12代i7-12700H 16G 512G T600 高色域
17840036167,"运行速度：开机关机开软件都很快
屏幕效果：1080p60hz 挺一般的
散热性能：还可以 没什么噪音
外形外观：经典外形很有质感 缺点是容易沾指纹
轻薄程度：不行 毕竟是工作站
散热能力：还可以",2022-07-27 10:43:08,0,0,5,2022-07-28 17:46:29,ThinkPad联想笔记本电脑ThinkPad P15v(09CD)英特尔酷睿i7 15.6英寸高性能工作站12代i7-12700H 16G 512G T600 高色域
17804854209,"运行速度：新开机的雏还是比较快，希望保持
散热性能：有待观察
外形外观：百年大计，经久不衰
轻薄程度：薄了但希望耐用",2022-07-18 16:04:26,0,0,5,2022-07-20 21:54:51,ThinkPad联想笔记本电脑ThinkPad P15v(09CD)英特尔酷睿i7 15.6英寸高性能工作站12代i7-12700H 16G 512G T600 高色域
17750032303,京东自营发货就是快，今天买明天到，不用焦急的等待，舒心。thinkpad大品牌高配电脑工作站用着流畅，显示清晰，太满意了，这个还是gen3版本的，喜欢。,2022-07-01 11:09:16,1,0,5,2022-07-07 17:07:18,ThinkPad联想笔记本电脑ThinkPad P15v(09CD)英特尔酷睿i7 15.6英寸高性能工作站12代i7-12700H 16G 512G T600 高色域
17946516227,"专业指定本，用了一段时间，来评价：
外形外观：黑色炫酷，洁净大方
屏幕效果：色彩鲜艳，孩子多数用来绘画，能还原最真色彩，算是合心意的&hellip;&hellip;
运行速度：电脑放在小房间，离路由器有段距离，暂时还没发现有什么影响，运行速速度不错
散热性能：目前在家用，一天用的时间天不太长，总体来说还算可以",2022-07-29 16:00:43,0,0,5,2022-08-22 13:16:13,ThinkPad联想笔记本电脑ThinkPad P15v(09CD)英特尔酷睿i7 15.6英寸高性能工作站12代i7-12700H 16G 512G T600 高色域
17881504204,"运行速度：非常快，不卡。
屏幕效果：不累眼，比之前屏幕强太多了
散热性能：效果完美
外形外观：还可以
轻薄程度：轻薄，没有想象中的那么厚",2022-08-03 14:15:39,0,0,5,2022-08-07 09:47:18,ThinkPad联想笔记本电脑ThinkPad P15v(09CD)英特尔酷睿i7 15.6英寸高性能工作站12代i7-12700H 16G 512G T600 高色域
18360120087,包装不错，机器不错，刚收到，还在摸索设置中。操作界面有点向Mac OS靠，日常操作，浏览网页，文档编制等可以不用鼠标，做三维设计和PS时，可能还是要用到鼠标。关注有大半年，这次价格下来了，果断买入。,2022-11-08 11:27:54,0,1,5,2022-11-10 08:50:42,ThinkPad联想笔记本电脑ThinkPad P15v(09CD)英特尔酷睿i7 15.6英寸高性能工作站12代i7-12700H 16G 512G T600 高色域
19205902085,键盘触感不错，屏幕分辨率看起来很清晰，有点重，但为了9九宫格键盘重点也喜欢，整体可以。,2023-06-06 19:53:11,0,0,5,2023-06-09 19:23:55,ThinkPad联想笔记本电脑ThinkPad P15v(09CD)英特尔酷睿i7 15.6英寸高性能工作站12代i7-12700H 16G 512G T600 高色域
17688807821,电脑质量做工都很不错，品质是肯定没问题的，在特别安静的环境下可以听到一点点风扇的声音（还得离得近），其他方面不用过多夸赞，说说问题，指纹识别感觉识别率一般，键盘下方很容易有手印,2022-06-08 14:17:27,0,0,5,2022-06-24 10:19:18,ThinkPad联想笔记本电脑ThinkPad P15v(09CD)英特尔酷睿i7 15.6英寸高性能工作站12代i7-12700H 16G 512G T600 高色域
18426885261,挺好用的，我蛮喜欢这款电脑，性价比也比较高，而且比较大气，不管是做设计，还是正常办公，还是写代码，真的够用了。体验感蛮好的，键盘比一般电脑键盘要用起来舒服。我觉得这个型号的电脑值得推荐使用的。,2022-11-03 12:58:26,0,0,5,2022-11-22 10:59:17,ThinkPad联想笔记本电脑ThinkPad P15v(09CD)英特尔酷睿i7 15.6英寸高性能工作站12代i7-12700H 16G 512G T600 高色域
18345027922,一直在关注这款笔记本电脑，这次优惠力度挺大的，还有价保，果断出手了，京东自营的速度确实很快，异那么远隔日到货了，双层包装非常可靠，第一次用windows11有些不习惯，但是电脑做工品控非低端机可比。,2022-11-03 22:19:48,0,0,5,2022-11-07 11:35:49,ThinkPad联想笔记本电脑ThinkPad P15v(09CD)英特尔酷睿i7 15.6英寸高性能工作站12代i7-12700H 16G 512G T600 高色域
19177778663,官方旗舰店就是快，前天下午下单，第二天一早就到了，新电脑用着挺不错,2023-06-01 17:00:07,0,0,5,2023-06-03 10:19:09,ThinkPad联想笔记本电脑ThinkPad P15v(09CD)英特尔酷睿i7 15.6英寸高性能工作站12代i7-12700H 16G 512G T600 高色域
18411908497,完美装完，笔记本不错，性能优秀，要是送包，鼠标更好,2022-11-11 00:44:41,0,0,5,2022-11-19 04:42:24,ThinkPad联想笔记本电脑ThinkPad P15v(09CD)英特尔酷睿i7 15.6英寸高性能工作站12代i7-12700H 16G 512G T600 高色域
19101730222,机子使用流畅，方便，按键比原来电脑使用手感舒服多了！,2023-04-21 16:01:51,0,0,5,2023-05-11 13:26:02,ThinkPad联想笔记本电脑ThinkPad P15v(09CD)英特尔酷睿i7 15.6英寸高性能工作站12代i7-12700H 16G 512G T600 高色域
17694092816,运行速度快，开机21秒，风扇声音小，散热比之前电脑好很多，轻薄适宜，运行solidworks2020三维软件无压力。,2022-05-28 14:42:28,0,1,5,2022-06-25 11:00:38,ThinkPad联想笔记本电脑ThinkPad P15v(09CD)英特尔酷睿i7 15.6英寸高性能工作站12代i7-12700H 16G 512G T600 高色域
19050832423,使用方便，发货速度快，键盘好用，开机速度快，画面清晰，一直支持thinkpad,2023-04-22 20:22:41,0,0,5,2023-04-24 06:59:53,ThinkPad联想笔记本电脑ThinkPad P15v(09CD)英特尔酷睿i7 15.6英寸高性能工作站12代i7-12700H 16G 512G T600 高色域
17777862466,机器比较轻便！运行速度比较快！散热声音比较请，感觉不错呢！,2022-07-14 10:14:59,0,0,5,2022-07-14 17:26:13,ThinkPad联想笔记本电脑ThinkPad P15v(09CD)英特尔酷睿i7 15.6英寸高性能工作站12代i7-12700H 16G 512G T600 高色域
18866886562,已经关注很久了，这次有优惠就下叉了。现在用着一切正常。,2023-02-22 18:13:55,0,0,5,2023-03-07 07:08:17,ThinkPad联想笔记本电脑ThinkPad P15v(09CD)英特尔酷睿i7 15.6英寸高性能工作站12代i7-12700H 16G 512G T600 高色域
19056147166,发货速度快，手感不错，人脸识别，指纹win11系统，运行速度快,2023-04-21 13:33:30,0,0,5,2023-04-25 20:43:48,ThinkPad联想笔记本电脑ThinkPad P15v(09CD)英特尔酷睿i7 15.6英寸高性能工作站12代i7-12700H 16G 512G T600 高色域
17901282172,专业的设计用电脑，还不错，就是价格小贵，已经给了同事使用啦，哈哈。。。,2022-08-08 18:34:02,0,0,5,2022-08-12 09:06:21,ThinkPad联想笔记本电脑ThinkPad P15v(09CD)英特尔酷睿i7 15.6英寸高性能工作站12代i7-12700H 16G 512G T600 高色域
19027434885,电脑大小合适，外观简洁大方，适合商务使用，重量一般，不算轻，京东物流很快。,2023-04-15 20:40:13,0,0,5,2023-04-16 16:57:32,ThinkPad联想笔记本电脑ThinkPad P15v(09CD)英特尔酷睿i7 15.6英寸高性能工作站12代i7-12700H 16G 512G T600 高色域
19085265871,这个电脑还是比较稳定的，从性能上来讲一般，但是稳定性绝对是顶流的水平,2023-03-06 21:07:33,0,0,5,2023-05-05 19:44:34,ThinkPad联想笔记本电脑ThinkPad P15v(09CD)英特尔酷睿i7 15.6英寸高性能工作站12代i7-12700H 16G 512G T600 高色域
17764164239,联想笔记本电脑整体不错的，这款工作站性能较高，满足计算需求。,2022-06-16 18:39:11,0,0,5,2022-07-11 10:12:29,ThinkPad联想笔记本电脑ThinkPad P15v(09CD)英特尔酷睿i7 15.6英寸高性能工作站12代i7-12700H 16G 512G T600 高色域
19039358815,机器性能好，散热性能好，颜值也高，有需要还会过来购买,2023-04-14 09:49:28,0,0,5,2023-04-20 17:30:03,ThinkPad联想笔记本电脑ThinkPad P15v(09CD)英特尔酷睿i7 15.6英寸高性能工作站12代i7-12700H 16G 512G T600 高色域
19064624514,送货快，包装完整，运行速度快，屏幕显示清晰。售后服务好。,2023-04-25 17:07:14,0,0,5,2023-04-28 17:33:37,ThinkPad联想笔记本电脑ThinkPad P15v(09CD)英特尔酷睿i7 15.6英寸高性能工作站12代i7-12700H 16G 512G T600 高色域
18412623485,质量很好。有数字键盘，我喜欢，键盘布局大气，键帽舒服。屏幕颜色不错。自带Office。不足是本子偏厚，但是不太多移动可以接受,2022-11-17 20:41:18,0,0,5,2022-11-19 10:29:42,ThinkPad联想笔记本电脑ThinkPad P15v(09CD)英特尔酷睿i7 15.6英寸高性能工作站12代i7-12700H 16G 512G T600 高色域
18952268648,目前还没有运行大的，稍微有点声音，到还可以，用几天再来,2023-03-27 11:54:43,0,0,5,2023-03-28 11:38:54,ThinkPad联想笔记本电脑ThinkPad P15v(09CD)英特尔酷睿i7 15.6英寸高性能工作站12代i7-12700H 16G 512G T600 高色域
19186280214,商品包装完好无损，送货师傅及时上门送货，大品牌正品保证，使用效果不错，推荐大家购买这款笔记本电脑，性价比很高，值得购买体验。,2023-06-01 01:09:16,0,0,5,2023-06-05 05:27:55,ThinkPad联想笔记本电脑ThinkPad P15v(09CD)英特尔酷睿i7 15.6英寸高性能工作站12代i7-12700H 16G 512G T600 高色域
17720881912,初步体验了下运行速度比较快，全新速度体验很好，不卡顿。 屏幕清晰度高，虽然不是4K，还是很满意。 散热性不错。 外观挺好但还是有的大，有点笨重，面部识别功能很棒。,2022-06-17 20:44:18,0,0,5,2022-06-30 22:40:13,ThinkPad联想笔记本电脑ThinkPad P15v(09CD)英特尔酷睿i7 15.6英寸高性能工作站12代i7-12700H 16G 512G T600 高色域
17638023375,ThinkPad一如即往的好，就是喜欢这种大气、上档次的高端产品，商务人士首选，所以选择这款高配机型，声音小、散热性好。,2022-06-11 09:32:11,0,0,5,2022-06-15 15:03:28,ThinkPad联想笔记本电脑ThinkPad P15v(09CD)英特尔酷睿i7 15.6英寸高性能工作站12代i7-12700H 16G 512G T600 高色域
18757016422,"总体评价不错
运行速度：很快，不卡顿
散热性能：目前没有出现网上所说的压不住散热的情况
外形外观：普通ThinkPad外观
轻薄程度：其实如果选轻薄本，推荐x飞行家系列，这些轻薄的需求，别把本该有很好扩展性的整阉割了
其他特色：唯一不好的就是在这里买不会送东西，官网会送价值199的电脑包和109的鼠标??一个，感觉很舒服",2023-02-04 12:56:18,0,0,5,2023-02-06 18:17:24,ThinkPad联想笔记本电脑ThinkPad P15v(09CD)英特尔酷睿i7 15.6英寸高性能工作站12代i7-12700H 16G 512G T600 高色域
19101308884,大品牌值得信赖，同品牌同型号第二次购买了，同事都说好用,2023-04-27 10:04:37,0,0,5,2023-05-11 11:05:45,ThinkPad联想笔记本电脑ThinkPad P15v(09CD)英特尔酷睿i7 15.6英寸高性能工作站12代i7-12700H 16G 512G T600 高色域
18083553286,运行速度很快，屏幕显示很清晰，一开始散热性能不好，风扇不转，后来联系客服，安装了驱动，散热性能还是不错的，外观设计也不错，不属于轻薄本，但是也不是很厚重，运行速度很快！！,2022-09-02 09:02:18,0,0,5,2022-09-19 10:24:15,ThinkPad联想笔记本电脑ThinkPad P15v(09CD)英特尔酷睿i7 15.6英寸高性能工作站12代i7-12700H 16G 512G T600 高色域
17833787914,买了到家三四天了，用起来还不错，就是续航能力不行，其他的还可以。,2022-07-23 23:34:29,0,0,5,2022-07-27 11:46:37,ThinkPad联想笔记本电脑ThinkPad P15v(09CD)英特尔酷睿i7 15.6英寸高性能工作站12代i7-12700H 16G 512G T600 高色域
17664169713,电脑看着外观还是不错的，就是感觉声音很大，散热还是挺烫的，就装上软件渲染图片，速度很快，感觉还是值得，希望这个电脑能陪我长久一点,2022-06-17 21:05:58,0,0,4,2022-06-19 23:27:28,ThinkPad联想笔记本电脑ThinkPad P15v(09CD)英特尔酷睿i7 15.6英寸高性能工作站12代i7-12700H 16G 512G T600 高色域
19071166236,整体质感还不错，速度也快，就是win11还不熟悉。,2023-04-29 17:39:51,0,0,5,2023-04-30 18:20:11,ThinkPad联想笔记本电脑ThinkPad P15v(09CD)英特尔酷睿i7 15.6英寸高性能工作站12代i7-12700H 16G 512G T600 高色域
17771876081,超级好用 虽然对我来说小贵 但是机器确实是速度快 反应也快！,2022-06-22 07:20:26,0,1,5,2022-07-13 07:39:58,ThinkPad联想笔记本电脑ThinkPad P15v(09CD)英特尔酷睿i7 15.6英寸高性能工作站12代i7-12700H 16G 512G T600 高色域
19206265255,Thinkpad P15v一如既往的给力，各方面都很出色，工作娱乐两不误，希望能继续保持再接再厉！,2023-06-08 11:12:25,2,0,5,2023-06-09 20:56:07,ThinkPad联想笔记本电脑ThinkPad P15v(09CD)英特尔酷睿i7 15.6英寸高性能工作站12代i7-12700H 16G 512G T600 高色域
19091801398,"运行速度：很快
屏幕效果：一般
散热性能：一般
外形外观：中规中矩商务本",2023-05-06 12:03:24,0,0,5,2023-05-08 05:33:46,ThinkPad联想笔记本电脑ThinkPad P15v(09CD)英特尔酷睿i7 15.6英寸高性能工作站12代i7-12700H 16G 512G T600 高色域
17973046777,柳家不怎样，笔记本还不错，用的第四能think pad了，第一台硬盘30G老古董，第二台E40，第三台T450，第四台P15工作站，开机速度不如华为matebook。,2022-08-26 18:56:18,0,0,5,2022-08-27 16:16:54,ThinkPad联想笔记本电脑ThinkPad P15v(09CD)英特尔酷睿i7 15.6英寸高性能工作站12代i7-12700H 16G 512G T600 高色域
19089525532,之前用的t480pi5配置。 同事买了该型号的机器用大半年了，他主要用来机械三维绘图，自己又扩展了内存硬盘，性能。我是电气显卡配置要求没那么高，于是选择了这款，一如既往的品质。,2023-04-07 07:59:25,0,0,5,2023-05-07 11:19:58,ThinkPad联想笔记本电脑ThinkPad P15v(09CD)英特尔酷睿i7 15.6英寸高性能工作站12代i7-12700H 16G 512G T600 高色域
18905321703,卖家的服务真差，鼠标垫一个月了还没寄过来。,2023-02-15 10:14:30,0,1,1,2023-03-16 14:14:37,ThinkPad联想笔记本电脑ThinkPad P15v(09CD)英特尔酷睿i7 15.6英寸高性能工作站12代i7-12700H 16G 512G T600 高色域
18263709993,运行还可以，外观好看，但发热比较严重，性价比不高。,2022-09-05 14:24:13,1,0,4,2022-10-23 07:47:07,ThinkPad联想笔记本电脑ThinkPad P15v(09CD)英特尔酷睿i7 15.6英寸高性能工作站12代i7-12700H 16G 512G T600 高色域
17849487835,没有黑粉说的那些问题，重量指定是重些，在可以接收的范围，做工和运行无缺陷，性价比也好，超薄本的质量实在太敷衍，还是老老实实拿个传统靠谱,2022-07-21 00:46:25,5,0,5,2022-07-30 16:39:14,ThinkPad联想笔记本电脑ThinkPad P15v(09CD)英特尔酷睿i7 15.6英寸高性能工作站12代i7-12700H 16G 512G T600 高色域
19042907330,看着不错，研究了好久选了这款，自己配上内存条和固态，性能飞起，开始开机注册，完美世界。,2023-04-21 00:05:24,0,0,5,2023-04-21 20:56:08,ThinkPad联想笔记本电脑ThinkPad P15v(09CD)英特尔酷睿i7 15.6英寸高性能工作站12代i7-12700H 16G 512G T600 高色域
17623468472,"用上了最新款的GEN3,反应速度很快，风扇吵的问题已经没有了，散热效果明显。随机带了家庭版win11，有些破解版的工业软件兼容性不太理想，摸索几天终于完美解决。",2022-06-03 00:16:40,0,1,5,2022-06-12 19:04:28,ThinkPad联想笔记本电脑ThinkPad P15v(09CD)英特尔酷睿i7 15.6英寸高性能工作站12代i7-12700H 16G 512G T600 高色域
17647885108,很好手感很不错的，就是贵了点，性能还不错，值得佣有，先用用看,2022-06-06 17:19:30,0,0,5,2022-06-17 14:19:32,ThinkPad联想笔记本电脑ThinkPad P15v(09CD)英特尔酷睿i7 15.6英寸高性能工作站12代i7-12700H 16G 512G T600 高色域
19105486757,"外形外观：端正好看
运行速度：比较顺畅",2023-05-11 19:41:49,0,0,5,2023-05-12 18:20:34,ThinkPad联想笔记本电脑ThinkPad P15v(09CD)英特尔酷睿i7 15.6英寸高性能工作站12代i7-12700H 16G 512G T600 高色域
18426038568,"运行速度：不错，
轻薄程度：紧凑，
屏幕效果：看起来真不错",2022-11-13 23:38:13,0,0,5,2022-11-22 06:18:11,ThinkPad联想笔记本电脑ThinkPad P15v(09CD)英特尔酷睿i7 15.6英寸高性能工作站12代i7-12700H 16G 512G T600 高色域
19089703019,屏幕效果：公司一直用的这款电脑，性价比，各方面配置都是最好的，自己也买了这款，用起来放心,2023-04-20 22:20:22,0,0,5,2023-05-07 12:19:12,ThinkPad联想笔记本电脑ThinkPad P15v(09CD)英特尔酷睿i7 15.6英寸高性能工作站12代i7-12700H 16G 512G T600 高色域
17647804599,很好小红点很亮眼，可以，就是价格贵了点，手感不错，值得考虑,2022-06-06 17:13:30,0,1,5,2022-06-17 14:06:15,ThinkPad联想笔记本电脑ThinkPad P15v(09CD)英特尔酷睿i7 15.6英寸高性能工作站12代i7-12700H 16G 512G T600 高色域
17720892547,联想的高性能工作站，质量可靠，设计时尚，值得信赖，笔记本都买thinkpad，这次买高性能的工作站还是选择了联想，你值得购买。,2022-06-29 14:02:41,1,0,5,2022-06-30 22:43:01,ThinkPad联想笔记本电脑ThinkPad P15v(09CD)英特尔酷睿i7 15.6英寸高性能工作站12代i7-12700H 16G 512G T600 高色域
18309796012,麻烦之后现场拆封现场装机，调试好之后带回家，工作人员态度挺好，配置基本拉满了，跑程序完全够用，期待发挥作用。,2022-10-31 20:02:31,0,1,5,2022-10-31 23:05:17,ThinkPad联想笔记本电脑ThinkPad P15v(09CD)英特尔酷睿i7 15.6英寸高性能工作站12代i7-12700H 16G 512G T600 高色域
18114659163,电脑很不错！就是自带Office有点不解，显示免费一个月后收费。运行速度，颜值都很不错。,2022-09-19 18:45:02,0,0,4,2022-09-25 07:54:38,ThinkPad联想笔记本电脑ThinkPad P15v(09CD)英特尔酷睿i7 15.6英寸高性能工作站12代i7-12700H 16G 512G T600 高色域
18866160669,安装旧硬盘的时候，看到内部，做工用料挺不错，各种接口还有金属紧固件强化。以前喜欢买dell latitude，服务好，但是价格确实相比thinkpad也渐渐没有了性价比。,2023-02-23 21:31:24,0,0,5,2023-03-06 21:25:25,ThinkPad联想笔记本电脑ThinkPad P15v(09CD)英特尔酷睿i7 15.6英寸高性能工作站12代i7-12700H 16G 512G T600 高色域
18101167801,总体不错，质量不错，质感也很好，唯一缺点就是没有鼠标啥的配件，需要单独购买，只给一台电脑,2022-08-27 20:02:01,0,0,5,2022-09-22 15:42:45,ThinkPad联想笔记本电脑ThinkPad P15v(09CD)英特尔酷睿i7 15.6英寸高性能工作站12代i7-12700H 16G 512G T600 高色域
17990949123,刚到手，商务办公，硬件配置足够高，就是有些重，后面搞开发，用用在继续评价！,2022-08-29 23:41:34,0,2,5,2022-08-31 08:52:38,ThinkPad联想笔记本电脑ThinkPad P15v(09CD)英特尔酷睿i7 15.6英寸高性能工作站12代i7-12700H 16G 512G T600 高色域
18896395730,京东物流真的快，两天就到了，休息日没人快递没有将东西直接放门口，负责任的等我上班再送，电脑如果也是正品就完美了，因为没有检测，选择相信京东，唯一缺陷是不送电脑包和鼠标，需要自己配套，有点麻烦。其他感觉很好！,2023-03-09 11:34:00,0,0,5,2023-03-14 05:49:59,ThinkPad联想笔记本电脑ThinkPad P15v(09CD)英特尔酷睿i7 15.6英寸高性能工作站12代i7-12700H 16G 512G T600 高色域
19195436356,电脑收到，挺好，快递快，京东的品质有保障，共买了两台设计用???????,2023-06-06 06:48:33,0,0,5,2023-06-07 09:25:16,ThinkPad联想笔记本电脑ThinkPad P15v(09CD)英特尔酷睿i7 15.6英寸高性能工作站12代i7-12700H 16G 512G T600 高色域
17693310289,除了重，性能挺好的。除了重，性能挺好的。除了重，性能挺好的。,2022-06-18 09:54:54,0,0,5,2022-06-25 07:34:39,ThinkPad联想笔记本电脑ThinkPad P15v(09CD)英特尔酷睿i7 15.6英寸高性能工作站12代i7-12700H 16G 512G T600 高色域
18890218046,到货速度快，屏幕显示颜色挺好，键盘手感好，重量比想象的轻一些。,2023-03-09 08:11:10,0,0,5,2023-03-12 19:21:33,ThinkPad联想笔记本电脑ThinkPad P15v(09CD)英特尔酷睿i7 15.6英寸高性能工作站12代i7-12700H 16G 512G T600 高色域
19212504414,总体来说挺好的，一直用ThinkPad的电脑，上台笔记本用了9年，现在当监控主机用,2023-06-10 09:35:55,0,0,5,2023-06-11 13:59:00,ThinkPad联想笔记本电脑ThinkPad P15v(09CD)英特尔酷睿i7 15.6英寸高性能工作站12代i7-12700H 16G 512G T600 高色域
18697674649,机械设计用的，对电脑不太懂，朋友推荐的，用着还可以，价格也不菲。,2022-12-22 17:29:38,0,0,5,2023-01-15 17:18:14,ThinkPad联想笔记本电脑ThinkPad P15v(09CD)英特尔酷睿i7 15.6英寸高性能工作站12代i7-12700H 16G 512G T600 高色域
18037532486,运行速度快，外形美观，具有金属质感，质量稍微有点重,2022-07-11 21:55:27,0,0,4,2022-09-09 07:24:06,ThinkPad联想笔记本电脑ThinkPad P15v(09CD)英特尔酷睿i7 15.6英寸高性能工作站12代i7-12700H 16G 512G T600 高色域
17606885387,速度很快，很喜欢，还是原来的配方原来的味道，哈哈，有个最大的缺点就是太太太重了，一只手拿着有点费劲.。其他都是好评，推荐大家购买,2022-06-07 21:32:54,0,0,5,2022-06-09 13:43:04,ThinkPad联想笔记本电脑ThinkPad P15v(09CD)英特尔酷睿i7 15.6英寸高性能工作站12代i7-12700H 16G 512G T600 高色域
18085815781,机器原封没拆，机器稳定，散热效果好，T600显卡显示图形流畅。,2022-09-06 11:54:33,0,0,5,2022-09-19 18:32:45,ThinkPad联想笔记本电脑ThinkPad P15v(09CD)英特尔酷睿i7 15.6英寸高性能工作站12代i7-12700H 16G 512G T600 高色域
18788436262,运行稳定，速度快，正版office，屏幕尺寸大小正好。,2023-02-13 20:40:18,0,0,5,2023-02-15 16:44:39,ThinkPad联想笔记本电脑ThinkPad P15v(09CD)英特尔酷睿i7 15.6英寸高性能工作站12代i7-12700H 16G 512G T600 高色域
19046904740,已经用过一段时间了，效果不错?，客服服务有耐心，解答详细，赞一个,2023-04-20 20:49:26,0,0,5,2023-04-23 10:16:00,ThinkPad联想笔记本电脑ThinkPad P15v(09CD)英特尔酷睿i7 15.6英寸高性能工作站12代i7-12700H 16G 512G T600 高色域
17585081839,各项指标都是与标注一致，噪音没有网上说的那么大，基本很安静，马力全开也可以接受。但屏幕漏光是真的！,2022-05-31 14:56:06,0,2,5,2022-06-05 09:47:44,ThinkPad联想笔记本电脑ThinkPad P15v(09CD)英特尔酷睿i7 15.6英寸高性能工作站12代i7-12700H 16G 512G T600 高色域
17700365510,这次花血本买这个本本了，包装合理，使用目前没发现问题，用起来还是不错的。,2022-06-16 19:10:04,0,0,5,2022-06-26 16:21:12,ThinkPad联想笔记本电脑ThinkPad P15v(09CD)英特尔酷睿i7 15.6英寸高性能工作站12代i7-12700H 16G 512G T600 高色域
17917907272,质量应该不会有问题，裸机，价格合适，比在店里买还省200元。,2022-08-12 13:38:49,0,1,5,2022-08-16 06:17:36,ThinkPad联想笔记本电脑ThinkPad P15v(09CD)英特尔酷睿i7 15.6英寸高性能工作站12代i7-12700H 16G 512G T600 高色域
19071709587,整体性能还可以，开机速度十几秒,2023-04-28 08:52:05,0,0,5,2023-04-30 22:11:55,ThinkPad联想笔记本电脑ThinkPad P15v(09CD)英特尔酷睿i7 15.6英寸高性能工作站12代i7-12700H 16G 512G T600 高色域
18953932149,挺好的，大体上还行，希望性价比更好！为啥要凑个20字呢，,2023-02-10 15:10:03,0,0,5,2023-03-28 16:10:31,ThinkPad联想笔记本电脑ThinkPad P15v(09CD)英特尔酷睿i7 15.6英寸高性能工作站12代i7-12700H 16G 512G T600 高色域
17718547048,还是稳定顺畅的感觉，外观和手感也不错。值得拥有。,2022-06-29 22:25:53,1,0,5,2022-06-30 13:50:07,ThinkPad联想笔记本电脑ThinkPad P15v(09CD)英特尔酷睿i7 15.6英寸高性能工作站12代i7-12700H 16G 512G T600 高色域
18342208391,感觉还行吧 毕竟价格在这里,2022-10-28 12:22:44,0,0,5,2022-11-06 20:07:24,ThinkPad联想笔记本电脑ThinkPad P15v(09CD)英特尔酷睿i7 15.6英寸高性能工作站12代i7-12700H 16G 512G T600 高色域
17786707164,迫不及待的打开了，运行速度不错，屏幕清晰,2022-07-13 11:22:47,0,0,5,2022-07-16 16:14:34,ThinkPad联想笔记本电脑ThinkPad P15v(09CD)英特尔酷睿i7 15.6英寸高性能工作站12代i7-12700H 16G 512G T600 高色域
18868579864,多次购买了，希望品质能一如既往的好！,2023-03-05 10:06:16,2,0,5,2023-03-07 16:17:30,ThinkPad联想笔记本电脑ThinkPad P15v(09CD)英特尔酷睿i7 15.6英寸高性能工作站12代i7-12700H 16G 512G T600 高色域
19086707489,电脑还行吧，没有指导啊,2023-05-05 15:02:53,0,0,5,2023-05-06 11:19:26,ThinkPad联想笔记本电脑ThinkPad P15v(09CD)英特尔酷睿i7 15.6英寸高性能工作站12代i7-12700H 16G 512G T600 高色域
17910927954,配置高，运行速度快，屏幕大，视觉效果佳,2022-08-10 00:57:47,0,0,5,2022-08-14 12:58:17,ThinkPad联想笔记本电脑ThinkPad P15v(09CD)英特尔酷睿i7 15.6英寸高性能工作站12代i7-12700H 16G 512G T600 高色域
18955565678,速读比较快，目前用的还可以！,2023-02-28 16:00:55,0,1,5,2023-03-28 22:39:38,ThinkPad联想笔记本电脑ThinkPad P15v(09CD)英特尔酷睿i7 15.6英寸高性能工作站12代i7-12700H 16G 512G T600 高色域
18786044946,工作需要，在京东平台买了不下十台了，还没走过售后，质量有保障。,2023-01-29 16:30:32,0,1,5,2023-02-14 21:24:00,ThinkPad联想笔记本电脑ThinkPad P15v(09CD)英特尔酷睿i7 15.6英寸高性能工作站12代i7-12700H 16G 512G T600 高色域
19198512645,上午下单，下午送到，速度很快，就是有点重,2023-06-07 09:40:18,0,0,5,2023-06-07 21:40:11,ThinkPad联想笔记本电脑ThinkPad P15v(09CD)英特尔酷睿i7 15.6英寸高性能工作站12代i7-12700H 16G 512G T600 高色域
18992426458,笔记本使用还行，就是购买时选择的增值服务有点小插曲。,2023-03-28 08:53:29,0,0,5,2023-04-05 19:56:46,ThinkPad联想笔记本电脑ThinkPad P15v(09CD)英特尔酷睿i7 15.6英寸高性能工作站12代i7-12700H 16G 512G T600 高色域
17813630080,用起来还不错，运行挺快的,2022-06-11 09:21:12,0,0,5,2022-07-22 23:06:24,ThinkPad联想笔记本电脑ThinkPad P15v(09CD)英特尔酷睿i7 15.6英寸高性能工作站12代i7-12700H 16G 512G T600 高色域
17595204371,使用小黑多年，再次选择依然是他，除了情怀，更是他稳定可靠的顶尖实力！,2022-05-27 00:07:07,0,0,5,2022-06-07 07:48:32,ThinkPad联想笔记本电脑ThinkPad P15v(09CD)英特尔酷睿i7 15.6英寸高性能工作站12代i7-12700H 16G 512G T600 高色域
18606982408,电脑非常好用，但是有点重。性能本,2022-11-04 19:12:08,0,0,5,2022-12-25 20:57:54,ThinkPad联想笔记本电脑ThinkPad P15v(09CD)英特尔酷睿i7 15.6英寸高性能工作站12代i7-12700H 16G 512G T600 高色域
18875945731,好好看呀好喜欢这个。,2023-03-08 13:50:47,0,0,5,2023-03-09 12:46:24,ThinkPad联想笔记本电脑ThinkPad P15v(09CD)英特尔酷睿i7 15.6英寸高性能工作站12代i7-12700H 16G 512G T600 高色域
18786762236,大学生做设计用，目前看还是够用的。,2023-02-06 20:25:49,0,0,5,2023-02-15 08:35:52,ThinkPad联想笔记本电脑ThinkPad P15v(09CD)英特尔酷睿i7 15.6英寸高性能工作站12代i7-12700H 16G 512G T600 高色域
18332874764,挺好用的。不错啊。做设计不费劲。,2022-10-31 17:23:14,0,0,5,2022-11-05 08:07:12,ThinkPad联想笔记本电脑ThinkPad P15v(09CD)英特尔酷睿i7 15.6英寸高性能工作站12代i7-12700H 16G 512G T600 高色域
17714434672,速度快，外观帅，色彩鲜艳，价格不贵,2022-06-28 07:53:45,0,0,5,2022-06-29 15:51:28,ThinkPad联想笔记本电脑ThinkPad P15v(09CD)英特尔酷睿i7 15.6英寸高性能工作站12代i7-12700H 16G 512G T600 高色域
18088931954,运行快，软件开启迅速，操作流畅,2022-08-25 10:01:36,0,0,5,2022-09-20 10:19:52,ThinkPad联想笔记本电脑ThinkPad P15v(09CD)英特尔酷睿i7 15.6英寸高性能工作站12代i7-12700H 16G 512G T600 高色域
19059772005,电脑运行很快，虽然价钱高点，但是物有所值,2023-03-06 11:30:52,0,0,5,2023-04-27 07:32:25,ThinkPad联想笔记本电脑ThinkPad P15v(09CD)英特尔酷睿i7 15.6英寸高性能工作站12代i7-12700H 16G 512G T600 高色域
19215802395,"本然是公司配的这款，离职后自己又买了同款。

好用",2023-06-07 13:08:53,0,0,5,2023-06-12 10:49:29,ThinkPad联想笔记本电脑ThinkPad P15v(09CD)英特尔酷睿i7 15.6英寸高性能工作站12代i7-12700H 16G 512G T600 高色域
18927129311,还行吧，目前用起来还行，后面再评,2023-03-08 22:53:03,0,0,5,2023-03-21 23:09:03,ThinkPad联想笔记本电脑ThinkPad P15v(09CD)英特尔酷睿i7 15.6英寸高性能工作站12代i7-12700H 16G 512G T600 高色域
17889366713,电脑速度快，稳定，用着没有问题,2022-06-20 23:54:05,0,0,5,2022-08-09 09:36:41,ThinkPad联想笔记本电脑ThinkPad P15v(09CD)英特尔酷睿i7 15.6英寸高性能工作站12代i7-12700H 16G 512G T600 高色域
18089175968,包装完好，快递给力，点赞,2022-09-19 10:32:40,0,0,5,2022-09-20 11:05:43,ThinkPad联想笔记本电脑ThinkPad P15v(09CD)英特尔酷睿i7 15.6英寸高性能工作站12代i7-12700H 16G 512G T600 高色域
17792125133,一下拿了2部，质量肯定。不错哦,2022-06-16 08:25:31,0,0,5,2022-07-17 21:54:07,ThinkPad联想笔记本电脑ThinkPad P15v(09CD)英特尔酷睿i7 15.6英寸高性能工作站12代i7-12700H 16G 512G T600 高色域
18827339871,不错，用了6年，再买还是这个选择,2023-02-17 13:10:46,0,0,5,2023-02-25 20:29:41,ThinkPad联想笔记本电脑ThinkPad P15v(09CD)英特尔酷睿i7 15.6英寸高性能工作站12代i7-12700H 16G 512G T600 高色域
18019837187,性能出众，轻薄，送货快，服务态度好,2022-09-03 22:45:16,0,0,5,2022-09-05 17:21:17,ThinkPad联想笔记本电脑ThinkPad P15v(09CD)英特尔酷睿i7 15.6英寸高性能工作站12代i7-12700H 16G 512G T600 高色域
18473192564,大沉，但功能强大，毕业级了,2022-10-30 20:37:44,0,0,5,2022-12-04 10:23:53,ThinkPad联想笔记本电脑ThinkPad P15v(09CD)英特尔酷睿i7 15.6英寸高性能工作站12代i7-12700H 16G 512G T600 高色域
19206324784,质量好，画面佳 不错的质量产品,2023-05-26 08:24:09,0,0,5,2023-06-09 21:12:40,ThinkPad联想笔记本电脑ThinkPad P15v(09CD)英特尔酷睿i7 15.6英寸高性能工作站12代i7-12700H 16G 512G T600 高色域
19031053286,对比过多品牌多型号的，还是最喜欢这款,2023-03-09 07:18:23,0,0,5,2023-04-17 20:41:27,ThinkPad联想笔记本电脑ThinkPad P15v(09CD)英特尔酷睿i7 15.6英寸高性能工作站12代i7-12700H 16G 512G T600 高色域
18781503554,上台笔记本京买的，价格合适，品质有保障。,2023-02-10 14:02:23,0,0,5,2023-02-13 16:00:27,ThinkPad联想笔记本电脑ThinkPad P15v(09CD)英特尔酷睿i7 15.6英寸高性能工作站12代i7-12700H 16G 512G T600 高色域
17774535361,还是不错的，性能什么的都可以。,2022-06-15 20:04:11,0,0,5,2022-07-13 19:16:53,ThinkPad联想笔记本电脑ThinkPad P15v(09CD)英特尔酷睿i7 15.6英寸高性能工作站12代i7-12700H 16G 512G T600 高色域
18005073068,物流依旧很快，就是对公转账太麻烦。,2022-09-01 08:21:36,0,0,5,2022-09-02 22:09:58,ThinkPad联想笔记本电脑ThinkPad P15v(09CD)英特尔酷睿i7 15.6英寸高性能工作站12代i7-12700H 16G 512G T600 高色域
17907929191,信赖它的稳定与品质，溢价肯定是有的，但是值得。,2022-08-12 00:04:04,0,0,5,2022-08-13 19:39:01,ThinkPad联想笔记本电脑ThinkPad P15v(09CD)英特尔酷睿i7 15.6英寸高性能工作站12代i7-12700H 16G 512G T600 高色域
17806372849,还不错，速度快，外观漂亮,2022-07-20 01:24:35,0,0,5,2022-07-21 10:51:41,ThinkPad联想笔记本电脑ThinkPad P15v(09CD)英特尔酷睿i7 15.6英寸高性能工作站12代i7-12700H 16G 512G T600 高色域
19031385975,运行速度快，显示画质好,2023-03-17 21:46:12,0,0,5,2023-04-17 22:30:26,ThinkPad联想笔记本电脑ThinkPad P15v(09CD)英特尔酷睿i7 15.6英寸高性能工作站12代i7-12700H 16G 512G T600 高色域
17689768599,不错，挺好，又能用10年,2022-06-19 12:18:09,0,0,5,2022-06-24 13:24:12,ThinkPad联想笔记本电脑ThinkPad P15v(09CD)英特尔酷睿i7 15.6英寸高性能工作站12代i7-12700H 16G 512G T600 高色域
18106065042,送货速度还是那么的快，继续保持。,2022-09-22 17:03:16,0,0,5,2022-09-23 14:38:35,ThinkPad联想笔记本电脑ThinkPad P15v(09CD)英特尔酷睿i7 15.6英寸高性能工作站12代i7-12700H 16G 512G T600 高色域
17762386706,样子是喜欢的，用起来好用,2022-07-06 09:07:08,0,0,5,2022-07-10 19:14:58,ThinkPad联想笔记本电脑ThinkPad P15v(09CD)英特尔酷睿i7 15.6英寸高性能工作站12代i7-12700H 16G 512G T600 高色域
18443406839,品牌商品，质量好，物流快，推荐,2022-11-10 12:48:52,0,0,5,2022-11-26 12:39:53,ThinkPad联想笔记本电脑ThinkPad P15v(09CD)英特尔酷睿i7 15.6英寸高性能工作站12代i7-12700H 16G 512G T600 高色域
18654166733,在京东买东西放心啊，价格实惠量又足！！！,2022-11-21 01:46:09,0,0,5,2023-01-05 10:23:06,ThinkPad联想笔记本电脑ThinkPad P15v(09CD)英特尔酷睿i7 15.6英寸高性能工作站12代i7-12700H 16G 512G T600 高色域
19195088165,经典款一直用这个牌子不错不错,2023-05-20 21:50:17,0,0,5,2023-06-07 07:11:02,ThinkPad联想笔记本电脑ThinkPad P15v(09CD)英特尔酷睿i7 15.6英寸高性能工作站12代i7-12700H 16G 512G T600 高色域
18970825502,京东靠谱，物流有速度，值得信赖！,2023-03-01 20:00:35,0,0,5,2023-04-01 04:29:47,ThinkPad联想笔记本电脑ThinkPad P15v(09CD)英特尔酷睿i7 15.6英寸高性能工作站12代i7-12700H 16G 512G T600 高色域
19103261692,一直买联想的产品，值得信赖,2023-05-06 13:33:39,0,0,5,2023-05-11 22:15:05,ThinkPad联想笔记本电脑ThinkPad P15v(09CD)英特尔酷睿i7 15.6英寸高性能工作站12代i7-12700H 16G 512G T600 高色域
17939477991,常年在京东采购的笔记本电脑，送货快,2022-07-07 16:14:21,0,0,5,2022-08-20 22:46:05,ThinkPad联想笔记本电脑ThinkPad P15v(09CD)英特尔酷睿i7 15.6英寸高性能工作站12代i7-12700H 16G 512G T600 高色域
19195439324,电脑收到，挺好，快递快，京东的品质有保障，共买了两台设计用???????,2023-06-06 06:47:00,0,0,5,2023-06-07 09:25:37,ThinkPad联想笔记本电脑ThinkPad P15v(09CD)英特尔酷睿i7 15.6英寸高性能工作站12代i7-12700H 16G 512G T600 高色域
18755037684,正品，送货及时，价格便宜,2023-01-30 16:29:01,0,0,5,2023-02-06 09:00:55,ThinkPad联想笔记本电脑ThinkPad P15v(09CD)英特尔酷睿i7 15.6英寸高性能工作站12代i7-12700H 16G 512G T600 高色域
17681388086,值得信赖的大品牌，一直在坚持购买,2022-06-16 08:55:11,0,1,5,2022-06-22 19:57:14,ThinkPad联想笔记本电脑ThinkPad P15v(09CD)英特尔酷睿i7 15.6英寸高性能工作站12代i7-12700H 16G 512G T600 高色域
18366123928,大品牌值得信赖，电脑飞速。,2022-10-30 20:06:24,0,0,5,2022-11-11 09:33:11,ThinkPad联想笔记本电脑ThinkPad P15v(09CD)英特尔酷睿i7 15.6英寸高性能工作站12代i7-12700H 16G 512G T600 高色域
18107561529,今天刚收到货，还不错,2022-09-22 14:15:55,0,0,5,2022-09-23 19:56:53,ThinkPad联想笔记本电脑ThinkPad P15v(09CD)英特尔酷睿i7 15.6英寸高性能工作站12代i7-12700H 16G 512G T600 高色域
18684011485,运行速度比较快，还不错,2022-11-25 04:28:27,0,0,5,2023-01-12 09:29:07,ThinkPad联想笔记本电脑ThinkPad P15v(09CD)英特尔酷睿i7 15.6英寸高性能工作站12代i7-12700H 16G 512G T600 高色域
17589093516,散热查了一点，其他的还好,2022-05-30 17:32:43,0,0,4,2022-06-05 22:14:52,ThinkPad联想笔记本电脑ThinkPad P15v(09CD)英特尔酷睿i7 15.6英寸高性能工作站12代i7-12700H 16G 512G T600 高色域
17611116745,品质有保证，值得推荐，会回购。,2022-06-09 00:02:48,0,0,5,2022-06-10 11:30:42,ThinkPad联想笔记本电脑ThinkPad P15v(09CD)英特尔酷睿i7 15.6英寸高性能工作站12代i7-12700H 16G 512G T600 高色域
18654170899,在京东买东西放心啊，价格实惠量又足！！！,2022-11-21 02:40:08,0,0,5,2023-01-05 10:22:55,ThinkPad联想笔记本电脑ThinkPad P15v(09CD)英特尔酷睿i7 15.6英寸高性能工作站12代i7-12700H 16G 512G T600 高色域
18112430527,"运行速度：快
屏幕效果：不存
外形外观：好看",2022-09-22 23:38:09,0,0,5,2022-09-24 18:41:20,ThinkPad联想笔记本电脑ThinkPad P15v(09CD)英特尔酷睿i7 15.6英寸高性能工作站12代i7-12700H 16G 512G T600 高色域
18460342346,"运行速度：快
屏幕效果：棒
散热性能：一般
外形外观：不错",2022-11-11 11:02:43,0,0,5,2022-11-30 21:46:27,ThinkPad联想笔记本电脑ThinkPad P15v(09CD)英特尔酷睿i7 15.6英寸高性能工作站12代i7-12700H 16G 512G T600 高色域
18849530396,设计师使用的，到手就扩充了内存和硬盘，性能强劲，目前i7-12700h处理器基本处于移动平台的顶峰，搭配ddr5内存，相比去年买的11代更先进。,2023-02-24 10:30:42,0,0,5,2023-03-04 00:27:25,ThinkPad联想笔记本电脑ThinkPad P15v(09CD)英特尔酷睿i7 15.6英寸高性能工作站12代i7-12700H 16G 512G T600 高色域
18707272181,目前使用状态还好，打开200兆以上的数据速度跟惠普六七千的差不多，还是有点卡的～数据分析或绘图中风扇特别响,2023-01-16 13:15:39,0,0,4,2023-01-18 11:56:56,ThinkPad联想笔记本电脑ThinkPad P15v(09CD)英特尔酷睿i7 15.6英寸高性能工作站12代i7-12700H 16G 512G T600 高色域
18823184974,主要看ThinkPad这个品牌，设计用。如果是win10就好了。,2023-02-22 06:33:04,0,0,5,2023-02-24 13:52:59,ThinkPad联想笔记本电脑ThinkPad P15v(09CD)英特尔酷睿i7 15.6英寸高性能工作站12代i7-12700H 16G 512G T600 高色域
18506647280,需一阶段适应Win11系统及软件，运行正常。很快。期待安装期它软不要遇到麻烦！,2022-12-09 15:28:11,0,0,5,2022-12-10 21:33:43,ThinkPad联想笔记本电脑ThinkPad P15v(09CD)英特尔酷睿i7 15.6英寸高性能工作站12代i7-12700H 16G 512G T600 高色域
17925710680,"运行速度：10
屏幕效果：10
散热性能：10",2022-08-02 08:08:19,0,0,5,2022-08-17 23:05:06,ThinkPad联想笔记本电脑ThinkPad P15v(09CD)英特尔酷睿i7 15.6英寸高性能工作站12代i7-12700H 16G 512G T600 高色域
18549448172,刚拿到货，还没有开机使用。P15从外观材料做工来讲的话没有10年前T系列的好。,2022-12-15 17:27:52,0,0,5,2022-12-16 18:55:01,ThinkPad联想笔记本电脑ThinkPad P15v(09CD)英特尔酷睿i7 15.6英寸高性能工作站12代i7-12700H 16G 512G T600 高色域
18856750529,把之前的笔记本换购了 还是选择了P系列,2023-02-20 00:04:37,0,0,5,2023-03-05 12:50:16,ThinkPad联想笔记本电脑ThinkPad P15v(09CD)英特尔酷睿i7 15.6英寸高性能工作站12代i7-12700H 16G 512G T600 高色域
19082837520,挺好，就是好。你说好不好？你猜好不好。哈哈哈哈哈哈,2023-03-17 00:08:35,1,0,5,2023-05-04 22:57:44,ThinkPad联想笔记本电脑ThinkPad P15v(09CD)英特尔酷睿i7 15.6英寸高性能工作站12代i7-12700H 16G 512G T600 高色域
18415825856,风扇不时启动一下，声音不大，用solidworks很稳定。,2022-11-03 10:39:55,0,0,5,2022-11-19 21:37:58,ThinkPad联想笔记本电脑ThinkPad P15v(09CD)英特尔酷睿i7 15.6英寸高性能工作站12代i7-12700H 16G 512G T600 高色域
18093799199,cpu温度是真的高，拷个大文件就82度了。考虑加个底座风扇了,2022-09-20 07:10:46,0,0,5,2022-09-21 08:14:40,ThinkPad联想笔记本电脑ThinkPad P15v(09CD)英特尔酷睿i7 15.6英寸高性能工作站12代i7-12700H 16G 512G T600 高色域
19071429269,很久没有这样了，也不知道怎么样！,2023-03-08 22:06:01,0,0,5,2023-04-30 20:10:24,ThinkPad联想笔记本电脑ThinkPad P15v(09CD)英特尔酷睿i7 15.6英寸高性能工作站12代i7-12700H 16G 512G T600 高色域
18066710130,公司用的，不知道好不好，其他部门用的。,2022-08-18 11:01:52,0,0,5,2022-09-15 18:03:57,ThinkPad联想笔记本电脑ThinkPad P15v(09CD)英特尔酷睿i7 15.6英寸高性能工作站12代i7-12700H 16G 512G T600 高色域
17964794351,暂无问题，装了软件试一段时间再说,2022-08-25 00:06:30,0,0,5,2022-08-25 21:21:23,ThinkPad联想笔记本电脑ThinkPad P15v(09CD)英特尔酷睿i7 15.6英寸高性能工作站12代i7-12700H 16G 512G T600 高色域
18339640349,耗电太快&hellip;&hellip;较重,2022-10-30 13:55:11,0,0,5,2022-11-06 12:41:58,ThinkPad联想笔记本电脑ThinkPad P15v(09CD)英特尔酷睿i7 15.6英寸高性能工作站12代i7-12700H 16G 512G T600 高色域
18876580882,系统用不习惯。。。总体还行。,2023-03-08 00:01:59,0,0,5,2023-03-09 15:07:07,ThinkPad联想笔记本电脑ThinkPad P15v(09CD)英特尔酷睿i7 15.6英寸高性能工作站12代i7-12700H 16G 512G T600 高色域
17670439888,这个风扇的声音怎么做到那么响的 快和飞机??一样吵了,2022-06-18 16:56:40,0,2,3,2022-06-20 22:31:35,ThinkPad联想笔记本电脑ThinkPad P15v(09CD)英特尔酷睿i7 15.6英寸高性能工作站12代i7-12700H 16G 512G T600 高色域
17679123801,货已收到，还没有使用。以后追评。,2022-06-18 19:10:05,0,0,5,2022-06-22 13:26:21,ThinkPad联想笔记本电脑ThinkPad P15v(09CD)英特尔酷睿i7 15.6英寸高性能工作站12代i7-12700H 16G 512G T600 高色域
17677293089,完美体验，趁618下手心仪已久的thinkpad,2022-06-13 22:24:00,0,1,5,2022-06-22 07:18:26,ThinkPad联想笔记本电脑ThinkPad P15v(09CD)英特尔酷睿i7 15.6英寸高性能工作站12代i7-12700H 16G 512G T600 高色域
18861996574,纸质版的说明书希望还是带下。,2023-02-27 07:14:10,0,0,5,2023-03-05 23:39:47,ThinkPad联想笔记本电脑ThinkPad P15v(09CD)英特尔酷睿i7 15.6英寸高性能工作站12代i7-12700H 16G 512G T600 高色域
18355327488,给人带买的，反馈还可以；,2022-10-30 10:22:31,0,0,5,2022-11-09 09:51:10,ThinkPad联想笔记本电脑ThinkPad P15v(09CD)英特尔酷睿i7 15.6英寸高性能工作站12代i7-12700H 16G 512G T600 高色域
18686971048,感觉和多年前没啥进步呀,2022-12-02 10:13:25,0,0,5,2023-01-12 21:21:55,ThinkPad联想笔记本电脑ThinkPad P15v(09CD)英特尔酷睿i7 15.6英寸高性能工作站12代i7-12700H 16G 512G T600 高色域
17962643170,型号怎么是p15v gen3,2022-08-24 20:06:35,0,0,5,2022-08-25 14:10:42,ThinkPad联想笔记本电脑ThinkPad P15v(09CD)英特尔酷睿i7 15.6英寸高性能工作站12代i7-12700H 16G 512G T600 高色域
19146173853,喜欢用Thinkpad,2023-05-06 17:01:06,0,0,5,2023-05-25 17:54:18,ThinkPad联想笔记本电脑ThinkPad P15v(09CD)英特尔酷睿i7 15.6英寸高性能工作站12代i7-12700H 16G 512G T600 高色域
17721265036,"thinkpad,稳定首选",2022-06-14 23:53:44,0,0,5,2022-07-01 00:22:56,ThinkPad联想笔记本电脑ThinkPad P15v(09CD)英特尔酷睿i7 15.6英寸高性能工作站12代i7-12700H 16G 512G T600 高色域
18139373504,散热风扇声音大，office无法使用，真对不起这个价格！,2022-09-26 21:01:19,0,1,2,2022-09-29 21:23:36,ThinkPad联想笔记本电脑ThinkPad P15v(09CD)英特尔酷睿i7 15.6英寸高性能工作站12代i7-12700H 16G 512G T600 高色域
17981709091,内存没货，还推荐选择加内存服务，如果没有服务，和水货有什么区别？,2022-08-12 23:53:35,0,1,1,2022-08-29 12:30:43,ThinkPad联想笔记本电脑ThinkPad P15v(09CD)英特尔酷睿i7 15.6英寸高性能工作站12代i7-12700H 16G 512G T600 高色域
18766813812,感觉没有拯救者系列性价比高，不知道ThinkPad系列为啥价格这么高，后悔了应该买 Y9000,2023-01-29 12:41:21,1,1,3,2023-02-09 16:59:17,ThinkPad联想笔记本电脑ThinkPad P15v(09CD)英特尔酷睿i7 15.6英寸高性能工作站12代i7-12700H 16G 512G T600 高色域
17866453043,1、屏幕漏光严重影响使用；2、外箱压痕明显，运输过程不知发生什么；已经申请退货,2022-07-29 22:38:49,1,1,1,2022-08-03 12:38:31,ThinkPad联想笔记本电脑ThinkPad P15v(09CD)英特尔酷睿i7 15.6英寸高性能工作站12代i7-12700H 16G 512G T600 高色域
18496163966,快递速度快，但电脑有时关不定时关机，不知是不是电池问题！先用下再观察看看,2022-12-02 16:37:36,0,1,3,2022-12-08 18:33:09,ThinkPad联想笔记本电脑ThinkPad P15v(09CD)英特尔酷睿i7 15.6英寸高性能工作站12代i7-12700H 16G 512G T600 高色域
18826871470,设计师就是个**，几乎所有的接口全部在右边，包括HDMI、两个USB、音频，左边仅有一个Type-C接口，你不知道鼠标在右边吗？这样设计方便吗？,2023-02-24 15:40:50,1,1,2,2023-02-25 18:30:03,ThinkPad联想笔记本电脑ThinkPad P15v(09CD)英特尔酷睿i7 15.6英寸高性能工作站12代i7-12700H 16G 512G T600 高色域
18414648389,"满意的地方:屏幕大，看内容舒服；键盘打字也舒服；cpu给力
不满意的地方:发热量大(夏天不开空调都不行了)，风扇很吵，有时候没开啥应用也乱叫；联想管家显示主板温度96&deg;，但是我又没跑什么程序；开机慢，要17秒
总的来说，没达到预期！",2022-11-10 20:47:44,0,2,3,2022-11-19 17:41:23,ThinkPad联想笔记本电脑ThinkPad P15v(09CD)英特尔酷睿i7 15.6英寸高性能工作站12代i7-12700H 16G 512G T600 高色域
17837481702,电脑性能给力，外壳容易留指纹，键盘与外壳缝隙有点大。电池不经用，2小时差不多就没什么电了。,2022-07-14 08:52:31,0,0,5,2022-07-28 07:28:55,ThinkPad联想笔记本电脑ThinkPad P15v(09CD)英特尔酷睿i7 15.6英寸高性能工作站12代i7-12700H 16G 512G T600 高色域
19099827024,"续航太差太差，两个小时不到只剩百分之五十的电，屏幕还可以，色差不算大
散热很差，可以烤肉
速度还行
适合佛系设计师",2023-05-02 21:04:47,0,0,5,2023-05-10 19:16:54,ThinkPad联想笔记本电脑ThinkPad P15v(09CD)英特尔酷睿i7 15.6英寸高性能工作站12代i7-12700H 16G 512G T600 高色域
17697769037,今天才过数据过来才开始使用，不知道是什么效果，硬盘小了一些准备购买2t加上去，应用商店有时候会自动弹出来，不知道怎么关掉它，开机21秒，比较轻薄版的八秒开机慢了一些，主要是这个能耗比轻薄版的大很多，慢一点应该属于正常现象可以接受，看看后面的表现了。,2022-06-18 08:35:01,1,0,5,2022-06-26 01:52:09,ThinkPad联想笔记本电脑ThinkPad P15v(09CD)英特尔酷睿i7 15.6英寸高性能工作站12代i7-12700H 16G 512G T600 高色域
18364291545,用了几天才来评价，Win11不习惯，感觉开关机没有之前T460 Win10快，屏幕偏黄，风扇时不时要发神经下狂飙，略重。其它还好。,2022-10-31 19:22:49,0,0,5,2022-11-10 21:52:39,ThinkPad联想笔记本电脑ThinkPad P15v(09CD)英特尔酷睿i7 15.6英寸高性能工作站12代i7-12700H 16G 512G T600 高色域
17908679369,非常失望，对于这款本的性能真心觉得一般，系统也一般，没有达到预期，安装的软件很多都不兼容，尤其3D，这个本的性能真的不值这个价钱，如果专业作图看来还得是外星人吧，如果是专业软件绘图的话，不推荐购买，希望同行不要再踩坑了，不如配个好点的台式,2022-06-24 17:12:48,0,0,5,2022-08-13 22:29:42,ThinkPad联想笔记本电脑ThinkPad P15v(09CD)英特尔酷睿i7 15.6英寸高性能工作站12代i7-12700H 16G 512G T600 高色域
19066528537,ThinkPad 的电脑已用过两台，每台用6年没啥问题，现换第三台，有点贵，鼠标啥的都没有，谁叫咋喜欢呢?,2023-04-22 09:45:38,0,0,5,2023-04-29 09:57:31,ThinkPad联想笔记本电脑ThinkPad P15v(09CD)英特尔酷睿i7 15.6英寸高性能工作站12代i7-12700H 16G 512G T600 高色域
17757956330,评价好不等于电脑好，有几点不足，运行150mb的word有时会卡死，多任务时也有被卡死的问题，硬盘空间太小，USB口只有两个，太少，电池的使用时间很短，不配鼠标作图能力较差，半天才打开一个模型，不太好,2022-06-27 13:51:40,0,1,5,2022-07-09 17:01:10,ThinkPad联想笔记本电脑ThinkPad P15v(09CD)英特尔酷睿i7 15.6英寸高性能工作站12代i7-12700H 16G 512G T600 高色域
17730100547,"配送速度：第二天就到
硬件：唯一的瑕疵就是如果你运行几个大的软件那风扇就会呼呼作响
软件：windows11系统，会导致你很多专业软件完全安装不上，而且使用效果不好
人工客服：只会基本操作，无法解决相对专业的问题
总体来说，这个电脑还是挺不错的（重装系统变成w10,软件安不上的问题就可以解决啦）",2022-06-24 19:05:58,1,0,4,2022-07-03 06:26:32,ThinkPad联想笔记本电脑ThinkPad P15v(09CD)英特尔酷睿i7 15.6英寸高性能工作站12代i7-12700H 16G 512G T600 高色域
19033792940,电脑不错，运行稳定。就是win11有些低版本的软件不兼容，其他没问题。另外，加内存和硬盘要另外收费的，一次开盖50元。,2023-03-28 22:03:21,0,0,5,2023-04-18 19:29:45,ThinkPad联想笔记本电脑ThinkPad P15v(09CD)英特尔酷睿i7 15.6英寸高性能工作站12代i7-12700H 16G 512G T600 高色域
19181301482,给同事买的移动工作站，她们都挺满意的，就是太挑电源了，绝大多数typec用不了，加转换方口也都用不了，有点烦，这一点真的不如dell，dell的工作站哪怕45w的typec，只要能上到20v就都可以充电，希望以后联想也能好好改进一下，不要只让我们支持国货而自己不努力！,2023-05-18 23:58:22,0,0,5,2023-06-03 23:03:20,ThinkPad联想笔记本电脑ThinkPad P15v(09CD)英特尔酷睿i7 15.6英寸高性能工作站12代i7-12700H 16G 512G T600 高色域
18092567671,电脑用起来速度还可以，还没安装大型软件，开机20秒，充电器发热严重，，很烫手，联系客服，客服说不影响充电就算正常，感觉对不起这个价位，用用看吧，音效不是很专业，音效不是很好，有点刺耳，其余的用用再评论吧,2022-09-01 20:47:58,0,0,5,2022-09-20 22:05:56,ThinkPad联想笔记本电脑ThinkPad P15v(09CD)英特尔酷睿i7 15.6英寸高性能工作站12代i7-12700H 16G 512G T600 高色域
17831695487,这款电脑观望很长时间了，顶级cpu速度就是不一样，飞一般的感觉，大屏视觉就是不一样，就是风扇有点声音 估计是天太热了吧，整体五星好评！,2022-07-22 15:01:07,0,0,5,2022-07-26 20:29:32,ThinkPad联想笔记本电脑ThinkPad P15v(09CD)英特尔酷睿i7 15.6英寸高性能工作站12代i7-12700H 16G 512G T600 高色域
18238225076,屏幕一直闪，整个屏幕都闪，联系售后了，还没结果，说可能是硬件问题，能不买还是别买了,2022-09-28 22:09:34,0,0,4,2022-10-19 19:07:18,ThinkPad联想笔记本电脑ThinkPad P15v(09CD)英特尔酷睿i7 15.6英寸高性能工作站12代i7-12700H 16G 512G T600 高色域
18911308227,刚用就发现屏幕字体有重影，而且突然桌面图标都没了，过了一会又出现了，偶尔风扇会响的很厉害，已经申请退货,2023-03-16 08:46:46,0,0,5,2023-03-18 14:22:33,ThinkPad联想笔记本电脑ThinkPad P15v(09CD)英特尔酷睿i7 15.6英寸高性能工作站12代i7-12700H 16G 512G T600 高色域
17657083190,2022新款刚出不久。出厂日期也是五月份。12代处理器较之前升级还是不少的。T600的专业显卡画图CAD和SW啥的也完全足够了。,2022-06-13 19:01:10,0,3,5,2022-06-18 22:40:22,ThinkPad联想笔记本电脑ThinkPad P15v(09CD)英特尔酷睿i7 15.6英寸高性能工作站12代i7-12700H 16G 512G T600 高色域
17986248864,之前的电脑用了不到半年，突然开不了机，然后联系客服，换了台新的，不过原电脑里面的资料全部没了，非常不方便,2022-07-30 17:06:58,0,0,5,2022-08-30 10:36:26,ThinkPad联想笔记本电脑ThinkPad P15v(09CD)英特尔酷睿i7 15.6英寸高性能工作站12代i7-12700H 16G 512G T600 高色域
18299057621,说实话 联想品牌的笔记本电脑，性能质量也就那样，不好不坏，关键是售后服务是否及时,2022-09-22 17:10:04,0,0,5,2022-10-29 15:21:48,ThinkPad联想笔记本电脑ThinkPad P15v(09CD)英特尔酷睿i7 15.6英寸高性能工作站12代i7-12700H 16G 512G T600 高色域
17966337242,电脑一般般吧，没有什么太特别的地方,2022-08-18 11:45:44,1,0,4,2022-08-26 09:38:50,ThinkPad联想笔记本电脑ThinkPad P15v(09CD)英特尔酷睿i7 15.6英寸高性能工作站12代i7-12700H 16G 512G T600 高色域
19116768919,质量太好了，对软件要求太高了。盗版软件不兼容。,2023-04-18 20:06:31,0,0,5,2023-05-16 14:23:52,ThinkPad联想笔记本电脑ThinkPad P15v(09CD)英特尔酷睿i7 15.6英寸高性能工作站12代i7-12700H 16G 512G T600 高色域
17665727615,键盘满分，噪音大，下载个10G文件风扇直接起飞,2022-06-17 21:43:12,0,0,5,2022-06-20 10:55:27,ThinkPad联想笔记本电脑ThinkPad P15v(09CD)英特尔酷睿i7 15.6英寸高性能工作站12代i7-12700H 16G 512G T600 高色域
19176304254,质量很好，但价格波动太大，刚买时其价格差点九千，没过几天就降了几百块。,2023-05-15 22:37:06,0,0,5,2023-06-02 21:25:42,ThinkPad联想笔记本电脑ThinkPad P15v(09CD)英特尔酷睿i7 15.6英寸高性能工作站12代i7-12700H 16G 512G T600 高色域
19130258433,性能强劲，就是有点发热，需要个支架散散热,2023-05-13 22:56:17,0,0,5,2023-05-20 19:35:15,ThinkPad联想笔记本电脑ThinkPad P15v(09CD)英特尔酷睿i7 15.6英寸高性能工作站12代i7-12700H 16G 512G T600 高色域
17647893642,花钱买平台，键盘手感好，屏幕普通，做工不算顶级，电池很一般。,2022-05-30 09:58:24,1,0,5,2022-06-17 14:19:50,ThinkPad联想笔记本电脑ThinkPad P15v(09CD)英特尔酷睿i7 15.6英寸高性能工作站12代i7-12700H 16G 512G T600 高色域
18254561083,笔记本稍微有点忧伤，打开没几天就开始蓝屏,2022-09-03 22:01:29,0,0,5,2022-10-21 17:30:07,ThinkPad联想笔记本电脑ThinkPad P15v(09CD)英特尔酷睿i7 15.6英寸高性能工作站12代i7-12700H 16G 512G T600 高色域
19005087497,才买十几天，就降价一千块，让我很不爽，性价比非常不行,2023-03-23 11:55:19,1,0,5,2023-04-09 10:53:42,ThinkPad联想笔记本电脑ThinkPad P15v(09CD)英特尔酷睿i7 15.6英寸高性能工作站12代i7-12700H 16G 512G T600 高色域
18354115668,除了有点重价格贵PCIe3.0固态盘，其他还行,2022-11-03 22:52:56,0,0,5,2022-11-08 22:33:20,ThinkPad联想笔记本电脑ThinkPad P15v(09CD)英特尔酷睿i7 15.6英寸高性能工作站12代i7-12700H 16G 512G T600 高色域
19198746396,收到商品后，全新，系统也是第一次开机自动安装。,2023-06-05 20:35:37,0,0,5,2023-06-07 22:41:14,ThinkPad联想笔记本电脑ThinkPad P15v(09CD)英特尔酷睿i7 15.6英寸高性能工作站12代i7-12700H 16G 512G T600 高色域
17576594879,风扇声音不大 很流畅 鼠标按键略轻浮了点 我的w550终于可以下岗了,2022-05-29 05:59:05,0,0,5,2022-06-03 15:03:55,ThinkPad联想笔记本电脑ThinkPad P15v(09CD)英特尔酷睿i7 15.6英寸高性能工作站12代i7-12700H 16G 512G T600 高色域
17872609245,电脑对不起这个价格，长时间不使用待机，老黑屏,2022-06-27 00:00:22,0,0,5,2022-08-04 22:03:41,ThinkPad联想笔记本电脑ThinkPad P15v(09CD)英特尔酷睿i7 15.6英寸高性能工作站12代i7-12700H 16G 512G T600 高色域
17793895844,怎么启动时间有点长22秒，也没安装啥软件，,2022-05-29 23:19:22,0,0,4,2022-07-18 12:15:19,ThinkPad联想笔记本电脑ThinkPad P15v(09CD)英特尔酷睿i7 15.6英寸高性能工作站12代i7-12700H 16G 512G T600 高色域
18769970214,都很烦评价了，一年买几十套，还说明不了问题？,2023-02-02 14:39:37,0,0,5,2023-02-10 15:44:22,ThinkPad联想笔记本电脑ThinkPad P15v(09CD)英特尔酷睿i7 15.6英寸高性能工作站12代i7-12700H 16G 512G T600 高色域
18993051210,这个风扇声音太大啦、听起好烦躁！,2023-04-01 10:46:57,0,0,5,2023-04-05 23:43:54,ThinkPad联想笔记本电脑ThinkPad P15v(09CD)英特尔酷睿i7 15.6英寸高性能工作站12代i7-12700H 16G 512G T600 高色域
19194773816,物流速度急需提升，时间都不准就不要给实时物流了,2023-06-01 11:25:35,0,0,4,2023-06-06 23:57:52,ThinkPad联想笔记本电脑ThinkPad P15v(09CD)英特尔酷睿i7 15.6英寸高性能工作站12代i7-12700H 16G 512G T600 高色域
17643112702,运行速度一般，待进一步适应，开机速度也比较慢。,2022-05-30 13:27:36,2,1,4,2022-06-16 15:54:31,ThinkPad联想笔记本电脑ThinkPad P15v(09CD)英特尔酷睿i7 15.6英寸高性能工作站12代i7-12700H 16G 512G T600 高色域
17788808596,纯裸机，连个说明书都是一页纸,2022-07-14 22:04:00,0,1,5,2022-07-17 08:10:17,ThinkPad联想笔记本电脑ThinkPad P15v(09CD)英特尔酷睿i7 15.6英寸高性能工作站12代i7-12700H 16G 512G T600 高色域
17862267985,店大欺客哈，买了不到1周，就降价1000块，心里苦哈,2022-07-19 12:07:59,0,0,4,2022-08-02 12:12:29,ThinkPad联想笔记本电脑ThinkPad P15v(09CD)英特尔酷睿i7 15.6英寸高性能工作站12代i7-12700H 16G 512G T600 高色域
19031964875,新买电脑就这得行，不给退货差评,2023-03-25 08:22:00,1,1,1,2023-04-18 09:17:43,ThinkPad联想笔记本电脑ThinkPad P15v(09CD)英特尔酷睿i7 15.6英寸高性能工作站12代i7-12700H 16G 512G T600 高色域
18781039794,才买不到1个月，就降级1000元，所谓的保价就是垃圾，忽悠消费者。,2023-01-13 22:55:47,0,1,1,2023-02-13 13:50:43,ThinkPad联想笔记本电脑ThinkPad P15v(09CD)英特尔酷睿i7 15.6英寸高性能工作站12代i7-12700H 16G 512G T600 高色域
17718281990,安装程序时候风扇噪音太大了 比一般情况下要大很多,2022-06-20 01:52:16,0,1,3,2022-06-30 12:42:10,ThinkPad联想笔记本电脑ThinkPad P15v(09CD)英特尔酷睿i7 15.6英寸高性能工作站12代i7-12700H 16G 512G T600 高色域
18376984537,刚买回来不到半个月就坏了还是主板坏了，就这质量怎么放心。要求退货京东售后态度强硬就是不行你能咋的，又是一次糟心的购物体验???,2022-10-20 10:36:37,0,1,2,2022-11-12 20:46:09,ThinkPad联想笔记本电脑ThinkPad P15v(09CD)英特尔酷睿i7 15.6英寸高性能工作站12代i7-12700H 16G 512G T600 高色域
17736194137,售后超级差，跑了三家售后服务点儿，连个系统都做不了，而且售后服务人员态度超级差！一次非常差的购物体验！,2022-07-02 22:55:54,3,2,1,2022-07-04 13:56:40,ThinkPad联想笔记本电脑ThinkPad P15v(09CD)英特尔酷睿i7 15.6英寸高性能工作站12代i7-12700H 16G 512G T600 高色域
18642118630,才开机装了几个常用软件就卡的不行了，风扇呼的一声吓我一跳！真是浪费钱了,2023-01-02 08:24:33,1,1,1,2023-01-02 19:36:32,ThinkPad联想笔记本电脑ThinkPad P15v(09CD)英特尔酷睿i7 15.6英寸高性能工作站12代i7-12700H 16G 512G T600 高色域
18375795668,用了一个周主板坏了，返厂半个月，至今没有任何答复，客服直说催下！！！！！！！！！！,2022-10-05 00:27:47,3,1,1,2022-11-12 17:52:53,ThinkPad联想笔记本电脑ThinkPad P15v(09CD)英特尔酷睿i7 15.6英寸高性能工作站12代i7-12700H 16G 512G T600 高色域
18032679804,键盘太热了，噪音太大，机身全塑料的，一碰就是一个坑。,2022-07-27 23:00:33,2,2,1,2022-09-08 08:05:57,ThinkPad联想笔记本电脑ThinkPad P15v(09CD)英特尔酷睿i7 15.6英寸高性能工作站12代i7-12700H 16G 512G T600 高色域
19147282834,产品屏幕变形严重！中间两边低，相差5mm，商家不予更换！180天只换不修没起到作用！,2023-04-10 16:16:38,0,1,3,2023-05-25 23:33:41,ThinkPad联想笔记本电脑ThinkPad P15v(09CD)英特尔酷睿i7 15.6英寸高性能工作站12代i7-12700H 16G 512G T600 高色域
18461733549,刚买没一个月，就出现蓝屏，死机。售后客服回复是系统更新引起蓝屏，静电导致死机。这就是所谓的军工级产品吗？,2022-11-08 07:19:38,0,1,1,2022-12-01 11:11:35,ThinkPad联想笔记本电脑ThinkPad P15v(09CD)英特尔酷睿i7 15.6英寸高性能工作站12代i7-12700H 16G 512G T600 高色域
18760884203,普通版本的屏幕真的很差，还没有我2015年买的MacBook pro清晰，很后悔，激活后不退不换。,2023-02-06 22:59:11,0,1,2,2023-02-07 20:37:22,ThinkPad联想笔记本电脑ThinkPad P15v(09CD)英特尔酷睿i7 15.6英寸高性能工作站12代i7-12700H 16G 512G T600 高色域
18052209248,"真的有够差的，618买的，7月15号就坏了，换了一台用了1个多月又坏了！！！
万把块钱的笔记本都这种品质了？",2022-07-18 18:31:25,1,2,1,2022-09-12 15:46:07,ThinkPad联想笔记本电脑ThinkPad P15v(09CD)英特尔酷睿i7 15.6英寸高性能工作站12代i7-12700H 16G 512G T600 高色域
18753761860,到手一个月多一点点，出现严重的异响，噪音很大，不是正常的风扇声音，已申请售后。,2022-12-19 20:37:02,4,1,1,2023-02-05 18:36:58,ThinkPad联想笔记本电脑ThinkPad P15v(09CD)英特尔酷睿i7 15.6英寸高性能工作站12代i7-12700H 16G 512G T600 高色域
18748400502,非常不好用，开机要30几秒？等我上图给你们看，还有，买了没20天降价1000块？谁的钱是大风刮来的？,2023-01-06 20:08:38,1,2,1,2023-02-04 10:04:29,ThinkPad联想笔记本电脑ThinkPad P15v(09CD)英特尔酷睿i7 15.6英寸高性能工作站12代i7-12700H 16G 512G T600 高色域
19067059099,刚拿到的新机，开机就开始卡，卡在无线网络连接上半天，非常影响体验!差评!换货流程也慢，所以现在要求退货!,2023-04-25 13:28:30,0,1,1,2023-04-29 13:05:48,ThinkPad联想笔记本电脑ThinkPad P15v(09CD)英特尔酷睿i7 15.6英寸高性能工作站12代i7-12700H 16G 512G T600 高色域
18969302320,差评！死机直接卡死，还不能用搞了好久都不得，直接卡，服务也差，老是机器人回答,2023-03-30 09:40:20,0,1,1,2023-03-31 15:50:09,ThinkPad联想笔记本电脑ThinkPad P15v(09CD)英特尔酷睿i7 15.6英寸高性能工作站12代i7-12700H 16G 512G T600 高色域
17982163410,"请大家根据包装箱判断是否需新机，
新机是否需贴三个运输标签吗？
怀疑是返修机，让京东解释三个标签如何来的，说不方便说。
联系京东客服，让退货。
京东现在欺骗客户成本太低了，是不是应该假一赔十。
这台已经是第二台了，强调不要给我返修机。还是给我发这种机。",2022-08-21 11:46:08,3,1,1,2022-08-29 14:01:07,ThinkPad联想笔记本电脑ThinkPad P15v(09CD)英特尔酷睿i7 15.6英寸高性能工作站12代i7-12700H 16G 512G T600 高色域
18345833334,信赖的东西到手了才几天，价格差了那么多，而且还说保护时间已经过了！白白花好几百呢！坑死人了，啥操作！太不地道了！！！！！,2022-10-12 20:09:24,1,1,1,2022-11-07 14:05:52,ThinkPad联想笔记本电脑ThinkPad P15v(09CD)英特尔酷睿i7 15.6英寸高性能工作站12代i7-12700H 16G 512G T600 高色域
18930727667,3.6收到电脑，3月21日开始电脑频繁黑屏死机，3月22日电脑开机后直接黑屏，售后技术人员说是主板坏了&hellip;&hellip;这品质真是太糟心，正在走售后流程，店铺售后服务也非常差，联想再也不会买了,2023-03-03 23:29:33,0,1,1,2023-03-22 17:52:53,ThinkPad联想笔记本电脑ThinkPad P15v(09CD)英特尔酷睿i7 15.6英寸高性能工作站12代i7-12700H 16G 512G T600 高色域
18412625098,快递包裹人为破坏，电脑零件完全暴露，快递员没有经过同意，私自签收，平台一直延误审核，拖延，已经报警处理，希望加重处罚京东。,2022-11-11 23:05:53,1,1,1,2022-11-19 10:28:58,ThinkPad联想笔记本电脑ThinkPad P15v(09CD)英特尔酷睿i7 15.6英寸高性能工作站12代i7-12700H 16G 512G T600 高色域
18454509861,之前申请过一次换货。结果货来了一到，我刚拆开包装一看，里面标签有被人家撕过的痕迹，很不爽，这次退货退款，打死不要了，太**差劲,2022-11-28 16:16:02,1,3,1,2022-11-29 13:19:11,ThinkPad联想笔记本电脑ThinkPad P15v(09CD)英特尔酷睿i7 15.6英寸高性能工作站12代i7-12700H 16G 512G T600 高色域
18977127192,不建议买此型号，收货当天出现质量问题，无法进入系统菜单，系统设置，无法使用搜索功能，工程师远程中，出现白屏闪烁，不能正常开机，换货时间太久！得三到五天。浪费人时间,2023-04-01 09:50:52,0,1,1,2023-04-02 11:16:05,ThinkPad联想笔记本电脑ThinkPad P15v(09CD)英特尔酷睿i7 15.6英寸高性能工作站12代i7-12700H 16G 512G T600 高色域
18991854089,坑，开机就是激活，开机就是退不了，比别的平台贵900，发货只有裸机，磁盘未分区，还bitloker 锁盘，重装不了系统，****200，安装软件需要正版。工作站，变玩具,2023-04-04 12:25:18,0,2,1,2023-04-05 17:04:09,ThinkPad联想笔记本电脑ThinkPad P15v(09CD)英特尔酷睿i7 15.6英寸高性能工作站12代i7-12700H 16G 512G T600 高色域
18921237538,两台电脑 小两万。连个赠品都没有 我买了那么多家的电脑。人家电脑包  鼠标 。还有鼠标垫 全套的 这个倒好。什么利润都在电脑上 啥都不送 这就不是送不送的问题了  我心里太不平衡了 要不是拆了我就退了 一年没有买十台还有五台了 就你家好大上 跟人家4S店买500W车 送个员工餐有啥区别 都是腰间盘 你可真突出,2023-03-15 16:37:23,0,1,1,2023-03-20 15:24:37,ThinkPad联想笔记本电脑ThinkPad P15v(09CD)英特尔酷睿i7 15.6英寸高性能工作站12代i7-12700H 16G 512G T600 高色域
19058946378,开机有漏光，也忍了，分析分析凑合一下就没有退货了。激活后升级驱动，结果个性化设置等全部都是提示连接失败，只能重新恢复出厂设置，目前还没有使用，因为硬盘太小所以就分了两个区，今天又顺便又买了一个1T固态硬盘，明天装上看看效果怎么样,2023-04-25 00:12:31,0,1,1,2023-04-26 19:56:58,ThinkPad联想笔记本电脑ThinkPad P15v(09CD)英特尔酷睿i7 15.6英寸高性能工作站12代i7-12700H 16G 512G T600 高色域
17869357457,电脑开机使用不到30分钟，巨烫巨烫巨烫巨烫，申请退货，居然说激活了不退，原路返回，请大家网购一定要慎重！！！！请问不激活使用，怎么才能发现问题？？难道只是开机看电源通不通吗？9千多的电脑，巨烫巨烫巨烫，非常非常非常不满意！！！！！！！！！！！,2022-07-29 15:48:47,2,4,1,2022-08-04 07:43:29,ThinkPad联想笔记本电脑ThinkPad P15v(09CD)英特尔酷睿i7 15.6英寸高性能工作站12代i7-12700H 16G 512G T600 高色域
18106402329,"有负分绝对给负分，买了三个月不到，中间黑屏不少于5次，散热风扇噪音跟开飞机一样，将近一万块的电脑做成着这样垃圾我是没想到的，直接想爆粗口，本来还想着联想是老品牌信得过，结果直接打脸买了个教训，返售后说是显卡坏了，我直接一脸问号新电脑你跟我说显卡坏了，后面给换了台新的，请求上天千万别又出现问题了，将近一万块呐，我的心已经在滴血了。
运行速度：差
屏幕效果：一般
散热性能：差到极致
外形外观：一般
轻薄程度：厚
其他特色：差到极致
散热能力：差到极致
运行速度：一般",2022-09-21 15:18:26,1,3,1,2022-09-23 15:53:12,ThinkPad联想笔记本电脑ThinkPad P15v(09CD)英特尔酷睿i7 15.6英寸高性能工作站12代i7-12700H 16G 512G T600 高色域
18126621812,"不知道这会不会是最后一次购买thinkpad了，thinkpad从t60p更换到w520一直用到现在期间也购买过x220体验一直非常的满意，10年前购买的w520现在都仍在服役。就在纠结到底是买p15还是p15v时恰逢p15v gen3发布了（心想都第三代了应该很好了），考虑到p15的厚重(尺寸和重量几乎和w520一致加上电源适配器带起来伤心)和价格购买了p15v gen3，但是这次的体验真的不满意。
1.抱歉对p15v gen3只能给到3星，多给的1星只是期望thinkpad还能给小黑粉们带来希望。
2.如视频中的测试这个宇宙改变不了的风扇声音真心不小，在安静的环境中使用压力不小，p15v的热设计应该是不及格的。用久了后键盘上方较热，出风口冬天不知道能不能给咖啡保温，cpu负荷高于10%时风扇声音很大，对比w520都在满负荷下出风口声音更大，也别说这个处理能力更强了，就看同功率下的对比就好，w520满负荷170w,这个才135w。
3.屏幕ips漏光，黑暗环境的照片实际上肉眼看要稍微好些。
4.100%srgb色彩还没有以前的w520好图中两个对比很明显了，待p15v校色后在看看。",2022-09-19 10:48:50,11,1,3,2022-09-27 12:45:47,ThinkPad联想笔记本电脑ThinkPad P15v(09CD)英特尔酷睿i7 15.6英寸高性能工作站12代i7-12700H 16G 512G T600 高色域
17646279598,"运行速度：极速流畅，全新速度体验很好。
屏幕效果：柔和润眼，眼睛久看不疲劳。
散热性能：高效变频，稳定，提供强大操控需求，恒温。
外形外观：经典依旧，商务家用优雅的工作站。
轻薄程度：纤薄有度。",2022-06-11 23:45:29,0,0,5,2022-06-17 08:58:18,ThinkPad联想笔记本电脑ThinkPad P15v(09CD)英特尔酷睿i7 15.6英寸高性能工作站12代i7-12700H 16G 512G T600 高色域
17824341031,还不错，毕竟一小一万的电脑，比较流畅，唯一的缺点就是不够轻，不过也难免。就是提供的欢口不能用，原配电源有点大，还算不错。,2022-06-14 09:03:40,0,0,5,2022-07-25 16:11:47,ThinkPad联想笔记本电脑ThinkPad P15v(09CD)英特尔酷睿i7 15.6英寸高性能工作站12代i7-12700H 16G 512G T600 高色域
17641441883,"屏幕效果：效果很好
散热性能：散热快
外形外观：外观大气，好看
运行速度：速度很快
轻薄程度：挺薄的，携带方便",2022-06-13 10:21:46,0,0,5,2022-06-16 10:18:58,ThinkPad联想笔记本电脑ThinkPad P15v(09CD)英特尔酷睿i7 15.6英寸高性能工作站12代i7-12700H 16G 512G T600 高色域
17975662465,"运行速度：快
屏幕效果：好
散热性能：一般
外形外观：小黑
轻薄程度：薄
其他特色：貌似无防滚架
散热能力：单风扇

看上去是P系列，但模具用的其实是t15的，不同之处是标压的cpu和夸绰的GPU，无防滚架，单风扇，和P15差的有点多，总体勉强好评。",2022-08-03 16:54:06,0,0,5,2022-08-28 08:17:59,ThinkPad联想笔记本电脑ThinkPad P15v(09CD)英特尔酷睿i7 15.6英寸高性能工作站12代i7-12700H 16G 512G T600 高色域
19192559203,"工程机做工就是牛逼，适应恶劣环境。
运行速度：这种价位的机型，快的着火啦",2023-06-02 16:07:38,0,0,5,2023-06-06 14:53:37,ThinkPad联想笔记本电脑ThinkPad P15v(09CD)英特尔酷睿i7 15.6英寸高性能工作站12代i7-12700H 16G 512G T600 高色域
18001919049,这款联想笔记本电脑大品牌品质非常不错很好用，外观设计高端大气上档次手感光滑细腻做工精细，系统运行流畅制图不卡，京东搞活动买的价格比较优惠,2022-07-27 08:50:16,0,0,5,2022-09-02 11:38:33,ThinkPad联想笔记本电脑ThinkPad P15v(09CD)英特尔酷睿i7 15.6英寸高性能工作站12代i7-12700H 16G 512G T600 高色域
17987500300,使用起来稳定性良好，质量稳定，兼容性好，速率快，发热低，安装简单方便，包装规范，价格性价比高，送货很快，各方面都不错，很满意，推荐使用，笔记本电脑加装推荐这个型号。,2022-07-27 14:46:56,0,0,5,2022-08-30 15:12:30,ThinkPad联想笔记本电脑ThinkPad P15v(09CD)英特尔酷睿i7 15.6英寸高性能工作站12代i7-12700H 16G 512G T600 高色域
17647361494,平时用 CAD 效果挺好，处理一般工作是完全胜任的；散热确实比较大声，但在能忍受的范围内，不会太吵，持续时间也不长；屏幕比14英寸的舒服多了，键盘和小红点也方便。客服态度很好，疫情期间的物流和其他问题都很耐心解决。,2022-06-10 20:05:23,1,0,5,2022-06-17 12:32:39,ThinkPad联想笔记本电脑ThinkPad P15v(09CD)英特尔酷睿i7 15.6英寸高性能工作站12代i7-12700H 16G 512G T600 高色域
17638656974,这款thinkpad P15V大品牌品质非常不错很好用，外观设计高端大气上档次手感光滑细腻做工精细，电脑功能强大，京东搞活动买的价格比较优惠，快递小哥送货上门很快,2022-06-11 19:49:32,0,0,5,2022-06-15 17:19:17,ThinkPad联想笔记本电脑ThinkPad P15v(09CD)英特尔酷睿i7 15.6英寸高性能工作站12代i7-12700H 16G 512G T600 高色域
17725062070,"运行速度：运行速度：很快终于不卡了
散热性能：比想象中要好好
轻薄程度：女士拿有点吃力",2022-06-24 00:09:25,0,0,5,2022-07-01 22:13:24,ThinkPad联想笔记本电脑ThinkPad P15v(09CD)英特尔酷睿i7 15.6英寸高性能工作站12代i7-12700H 16G 512G T600 高色域
17718591764,win11的系统真的很#人，各种软件不兼容，电池不抗用，也就三个小时！其他的还是可以的,2022-06-15 20:00:27,0,0,4,2022-06-30 13:59:22,ThinkPad联想笔记本电脑ThinkPad P15v(09CD)英特尔酷睿i7 15.6英寸高性能工作站12代i7-12700H 16G 512G T600 高色域
18834397947,挺好用的，用了一段时间了，很不错，一直在用这个牌子的，不错,2023-02-02 22:28:29,0,0,5,2023-02-27 19:09:48,ThinkPad联想笔记本电脑ThinkPad P15v(09CD)英特尔酷睿i7 15.6英寸高性能工作站12代i7-12700H 16G 512G T600 高色域
17894752071,性价比非常高，处理速度非常快，兼容性能非常好，耗电量相对比较低。,2022-07-25 14:11:30,0,0,5,2022-08-10 13:49:10,ThinkPad联想笔记本电脑ThinkPad P15v(09CD)英特尔酷睿i7 15.6英寸高性能工作站12代i7-12700H 16G 512G T600 高色域
17896975573,收到这个ThinkPad的图形工作站了，比想象中的要轻便一点，速度非常块，性能很不错，ddr5的内存也是非常不错，非常喜欢，很不错。,2022-08-02 20:04:57,0,0,5,2022-08-10 23:55:29,ThinkPad联想笔记本电脑ThinkPad P15v(09CD)英特尔酷睿i7 15.6英寸高性能工作站12代i7-12700H 16G 512G T600 高色域
18818014260,收到后装了博图，cad，各种工控软件，运行顺畅,2023-02-22 00:00:59,0,0,5,2023-02-22 21:12:39,ThinkPad联想笔记本电脑ThinkPad P15v(09CD)英特尔酷睿i7 15.6英寸高性能工作站12代i7-12700H 16G 512G T600 高色域
17673947319,"打开电脑欣喜万分，包装非常好，开机速度快，处理器
性能优越，性价比高，图像清晰，色彩艳丽，我主要用来作图，图像设计，希望它今后在我的学习，工作中给我很大的帮助。",2022-06-17 20:22:32,0,0,5,2022-06-21 15:41:11,ThinkPad联想笔记本电脑ThinkPad P15v(09CD)英特尔酷睿i7 15.6英寸高性能工作站12代i7-12700H 16G 512G T600 高色域
18344010702,还不错，就是系统后台更新风扇声音有点大。,2022-11-03 00:08:55,0,0,5,2022-11-07 08:18:15,ThinkPad联想笔记本电脑ThinkPad P15v(09CD)英特尔酷睿i7 15.6英寸高性能工作站12代i7-12700H 16G 512G T600 高色域
18867805059,很好，不错！,2023-03-01 16:42:54,0,0,5,2023-03-07 12:24:04,ThinkPad联想笔记本电脑ThinkPad P15v(09CD)英特尔酷睿i7 15.6英寸高性能工作站12代i7-12700H 16G 512G T600 高色域
19204266512,很赞，轻薄高速,2023-05-25 19:46:15,0,0,5,2023-06-09 12:14:46,ThinkPad联想笔记本电脑ThinkPad P15v(09CD)英特尔酷睿i7 15.6英寸高性能工作站12代i7-12700H 16G 512G T600 高色域
18234107900,送货速度快师傅态度好，下单秒涨1000，价格浮动有点大,2022-10-15 23:53:24,0,0,5,2022-10-18 23:09:29,ThinkPad联想笔记本电脑ThinkPad P15v(09CD)英特尔酷睿i7 15.6英寸高性能工作站12代i7-12700H 16G 512G T600 高色域
18348133645,孩子上大学买不的，配置购用,2022-09-29 13:19:04,0,0,5,2022-11-07 21:03:06,ThinkPad联想笔记本电脑ThinkPad P15v(09CD)英特尔酷睿i7 15.6英寸高性能工作站12代i7-12700H 16G 512G T600 高色域
19042498144,联想粉丝用户,2023-04-20 11:49:18,0,0,5,2023-04-21 18:39:08,ThinkPad联想笔记本电脑ThinkPad P15v(09CD)英特尔酷睿i7 15.6英寸高性能工作站12代i7-12700H 16G 512G T600 高色域
19210057938,很一般,2023-06-02 20:59:14,0,0,5,2023-06-10 20:07:26,ThinkPad联想笔记本电脑ThinkPad P15v(09CD)英特尔酷睿i7 15.6英寸高性能工作站12代i7-12700H 16G 512G T600 高色域
18752486041,thinkpad一如既往的好用，相信平台！,2023-02-04 17:17:03,0,0,5,2023-02-05 11:55:26,ThinkPad联想笔记本电脑ThinkPad P15v(09CD)英特尔酷睿i7 15.6英寸高性能工作站12代i7-12700H 16G 512G T600 高色域
19217316526,整体效果还不错,2023-06-10 21:25:31,0,0,5,2023-06-12 17:03:15,ThinkPad联想笔记本电脑ThinkPad P15v(09CD)英特尔酷睿i7 15.6英寸高性能工作站12代i7-12700H 16G 512G T600 高色域
19168068624,Thinkpad，一如既往的喜欢,2023-04-06 16:01:36,0,0,5,2023-06-01 00:24:08,ThinkPad联想笔记本电脑ThinkPad P15v(09CD)英特尔酷睿i7 15.6英寸高性能工作站12代i7-12700H 16G 512G T600 高色域
19070800548,整体效果还不错,2023-04-17 10:45:35,0,0,5,2023-04-30 15:52:27,ThinkPad联想笔记本电脑ThinkPad P15v(09CD)英特尔酷睿i7 15.6英寸高性能工作站12代i7-12700H 16G 512G T600 高色域
17677409925,"看中了很久，终于舍得出手了，thinkpad,YYDS!",2022-06-19 09:17:54,0,0,5,2022-06-22 08:03:10,ThinkPad联想笔记本电脑ThinkPad P15v(09CD)英特尔酷睿i7 15.6英寸高性能工作站12代i7-12700H 16G 512G T600 高色域
18418010305,京东购放心。东东不错，,2022-11-18 11:46:39,0,0,5,2022-11-20 13:01:52,ThinkPad联想笔记本电脑ThinkPad P15v(09CD)英特尔酷睿i7 15.6英寸高性能工作站12代i7-12700H 16G 512G T600 高色域
18907709971,运行速度：优良,2023-03-08 15:25:15,0,0,5,2023-03-17 10:50:30,ThinkPad联想笔记本电脑ThinkPad P15v(09CD)英特尔酷睿i7 15.6英寸高性能工作站12代i7-12700H 16G 512G T600 高色域
18318405050,好东西值得购买,2022-09-29 22:27:58,0,0,5,2022-11-02 15:45:27,ThinkPad联想笔记本电脑ThinkPad P15v(09CD)英特尔酷睿i7 15.6英寸高性能工作站12代i7-12700H 16G 512G T600 高色域
18102678827,手机反应很灵敏,2022-09-20 08:29:42,0,0,5,2022-09-22 20:37:56,ThinkPad联想笔记本电脑ThinkPad P15v(09CD)英特尔酷睿i7 15.6英寸高性能工作站12代i7-12700H 16G 512G T600 高色域
19196022430,非常好,2023-06-05 20:28:39,0,0,5,2023-06-07 11:40:52,ThinkPad联想笔记本电脑ThinkPad P15v(09CD)英特尔酷睿i7 15.6英寸高性能工作站12代i7-12700H 16G 512G T600 高色域
18681451476,电脑很给力,2022-12-12 12:40:22,0,0,5,2023-01-11 16:04:41,ThinkPad联想笔记本电脑ThinkPad P15v(09CD)英特尔酷睿i7 15.6英寸高性能工作站12代i7-12700H 16G 512G T600 高色域
18339174039,性能非常不错,2022-11-04 17:07:39,0,0,5,2022-11-06 11:18:59,ThinkPad联想笔记本电脑ThinkPad P15v(09CD)英特尔酷睿i7 15.6英寸高性能工作站12代i7-12700H 16G 512G T600 高色域
17786638284,非常不错！经典款！,2022-07-14 20:38:43,0,0,5,2022-07-16 15:56:51,ThinkPad联想笔记本电脑ThinkPad P15v(09CD)英特尔酷睿i7 15.6英寸高性能工作站12代i7-12700H 16G 512G T600 高色域
18903074771,送货快,2023-02-27 05:07:07,0,0,4,2023-03-15 20:27:11,ThinkPad联想笔记本电脑ThinkPad P15v(09CD)英特尔酷睿i7 15.6英寸高性能工作站12代i7-12700H 16G 512G T600 高色域
19070305285,很好,2023-04-13 00:38:39,0,0,5,2023-04-30 12:23:17,ThinkPad联想笔记本电脑ThinkPad P15v(09CD)英特尔酷睿i7 15.6英寸高性能工作站12代i7-12700H 16G 512G T600 高色域
19065940729,满意,2023-04-27 19:30:34,0,0,5,2023-04-28 22:37:31,ThinkPad联想笔记本电脑ThinkPad P15v(09CD)英特尔酷睿i7 15.6英寸高性能工作站12代i7-12700H 16G 512G T600 高色域
18525834348,还可以,2022-12-11 16:47:01,0,0,5,2022-12-13 19:08:10,ThinkPad联想笔记本电脑ThinkPad P15v(09CD)英特尔酷睿i7 15.6英寸高性能工作站12代i7-12700H 16G 512G T600 高色域
17804034627,开机速度快,2022-07-18 08:55:57,0,0,5,2022-07-20 18:16:22,ThinkPad联想笔记本电脑ThinkPad P15v(09CD)英特尔酷睿i7 15.6英寸高性能工作站12代i7-12700H 16G 512G T600 高色域
18107428273,很好，回购,2022-09-21 19:48:34,0,0,5,2022-09-23 19:26:42,ThinkPad联想笔记本电脑ThinkPad P15v(09CD)英特尔酷睿i7 15.6英寸高性能工作站12代i7-12700H 16G 512G T600 高色域
17718901710,速度杠杠滴,2022-06-29 16:49:28,0,0,5,2022-06-30 15:14:09,ThinkPad联想笔记本电脑ThinkPad P15v(09CD)英特尔酷睿i7 15.6英寸高性能工作站12代i7-12700H 16G 512G T600 高色域
18100776690,满意,2022-07-27 09:04:05,0,0,5,2022-09-22 14:32:34,ThinkPad联想笔记本电脑ThinkPad P15v(09CD)英特尔酷睿i7 15.6英寸高性能工作站12代i7-12700H 16G 512G T600 高色域
17934395184,喜欢,2022-08-18 17:18:20,0,0,5,2022-08-19 20:55:37,ThinkPad联想笔记本电脑ThinkPad P15v(09CD)英特尔酷睿i7 15.6英寸高性能工作站12代i7-12700H 16G 512G T600 高色域
18072407383,靓,2022-08-01 13:22:59,0,0,5,2022-09-16 23:16:52,ThinkPad联想笔记本电脑ThinkPad P15v(09CD)英特尔酷睿i7 15.6英寸高性能工作站12代i7-12700H 16G 512G T600 高色域
17701112279,很好,2022-06-19 18:49:07,0,0,5,2022-06-26 18:54:40,ThinkPad联想笔记本电脑ThinkPad P15v(09CD)英特尔酷睿i7 15.6英寸高性能工作站12代i7-12700H 16G 512G T600 高色域
17602176333,"运行速度：极速流畅，全新速度体验很好。
屏幕效果：柔和润眼，眼睛久看不疲劳。
散热性能：高效变频，稳定，提供强大操控需求，恒温。
外形外观：经典依旧，商务家用优雅的工作站。
轻薄程度：纤薄有度。",2022-05-31 20:05:25,0,0,5,2022-06-08 15:14:04,ThinkPad联想笔记本电脑ThinkPad P15v(09CD)英特尔酷睿i7 15.6英寸高性能工作站12代i7-12700H 16G 512G T600 高色域
18762800860,此用户未及时填写评价内容,2022-10-31 17:23:39,1,1,1,2023-02-08 14:21:16,ThinkPad联想笔记本电脑ThinkPad P15v(09CD)英特尔酷睿i7 15.6英寸高性能工作站12代i7-12700H 16G 512G T600 高色域
18033217003,此用户未及时填写评价内容,2022-06-06 11:54:18,4,1,1,2022-09-08 10:23:55,ThinkPad联想笔记本电脑ThinkPad P15v(09CD)英特尔酷睿i7 15.6英寸高性能工作站12代i7-12700H 16G 512G T600 高色域
18769913689,此用户未及时填写评价内容,2022-08-19 13:06:07,5,2,1,2023-02-10 15:42:01,ThinkPad联想笔记本电脑ThinkPad P15v(09CD)英特尔酷睿i7 15.6英寸高性能工作站12代i7-12700H 16G 512G T600 高色域
18533523806,申请售后一直没人,2022-10-27 11:19:45,0,2,1,2022-12-14 18:09:13,ThinkPad联想笔记本电脑ThinkPad P15v(09CD)英特尔酷睿i7 15.6英寸高性能工作站12代i7-12700H 16G 512G T600 高色域
18924324191,我是小黑的铁粉，高中就开始喜欢，现在都已经工作12年了。但是这次的体验非常差。经常毫无征兆的黑屏，黑屏之后风扇狂转，发热量很大。非常影响工作。关键是，我才买了一个月啊。好几次当着领导面黑屏，我挺无语的。,2023-02-07 00:00:32,0,1,1,2023-03-21 13:13:05,ThinkPad联想笔记本电脑ThinkPad P15v(09CD)英特尔酷睿i7 15.6英寸高性能工作站12代i7-12700H 16G 512G T600 高色域
18023247722,很差，速度太慢,2022-09-02 12:49:35,0,1,1,2022-09-06 11:22:11,ThinkPad联想笔记本电脑ThinkPad P15v(09CD)英特尔酷睿i7 15.6英寸高性能工作站12代i7-12700H 16G 512G T600 高色域
18319496704,客服回复type&mdash;C充电口，实际不是type&mdash;C 这个电脑拿来是要经常外出使用，选购时同价位比较了惠普和戴尔，因为客服回复这款电脑是Type&mdash;C充电才选择了这款。,2022-10-31 14:12:50,0,1,1,2022-11-02 18:59:05,ThinkPad联想笔记本电脑ThinkPad P15v(09CD)英特尔酷睿i7 15.6英寸高性能工作站12代i7-12700H 16G 512G T600 高色域
17860621360,近万块的机子，打开个视频、打开个QQ小圆圈都要滚半天，体验实在实在是太差了！！快逃！千万不要买！都说京东服务好，但是客服解决不了任何问题,2022-06-15 20:03:43,1,2,1,2022-08-01 23:22:27,ThinkPad联想笔记本电脑ThinkPad P15v(09CD)英特尔酷睿i7 15.6英寸高性能工作站12代i7-12700H 16G 512G T600 高色域
19036435528,"穷人用的，后悔没买T系列，用惯了T，这个拿在手里就廉价，没办法，穷！材质差，再差点和E系列一样了，风扇呼呼的&hellip;&hellip;，搞钱赶快换，买来就后悔
这个机器自带个家庭版是什么意思
联想越来越不要脸，连浏览器都带你自家的",2023-04-17 21:11:32,0,2,1,2023-04-19 17:42:14,ThinkPad联想笔记本电脑ThinkPad P15v(09CD)英特尔酷睿i7 15.6英寸高性能工作站12代i7-12700H 16G 512G T600 高色域
17807947303,开机时死机一次，技术指导重启后顺利开机，机器还行，刚开始装软件的时候略微卡顿，后期没卡顿了，排风扇声音有点大。我比较亏，看价格的时候是9499，付款之后发现是9999，客服说没有~就打发了，店大欺客这个得扣两颗星。,2022-07-18 17:50:49,1,1,3,2022-07-21 16:41:54,ThinkPad联想笔记本电脑ThinkPad P15v(09CD)英特尔酷睿i7 15.6英寸高性能工作站12代i7-12700H 16G 512G T600 高色域
18762757648,非常不要脸，我下单第二天就降价1000元，我即要求保价，并且也成功了，承诺1-3个工作日退款，可是直到两天后询问客服，居然显示己退款了！！！。真的是不要脸！！！,2023-02-02 17:48:59,2,2,1,2023-02-08 13:28:55,ThinkPad联想笔记本电脑ThinkPad P15v(09CD)英特尔酷睿i7 15.6英寸高性能工作站12代i7-12700H 16G 512G T600 高色域
17678431576,原本对联想也没啥社会好感度，没得选，只好买这个机器。。。用了两天之后再做实际使用体验评价，整体只能算及格，具体得分不配给3分。左边插电源线，右边网线，不仅乱，还特别碍事，就不能统一规整到左边嘛？最接受不了的是风扇噪音，登个~都响得跟拖拉机似的。其他隐形问题，三两天内也不会全暴露出来，但心里一点底都没有，原本的民族大牌，好尬。。。,2022-06-17 23:23:15,0,2,3,2022-06-22 11:25:07,ThinkPad联想笔记本电脑ThinkPad P15v(09CD)英特尔酷睿i7 15.6英寸高性能工作站12代i7-12700H 16G 512G T600 高色域
17865497549,非常差劲。就安装了ai，ps两个软件，慢的跟蜗牛一样。和原来i5，8G内存的小米笔记本对比，存盘速度还要慢10多秒。手绘板卡顿。总之慢的一塌糊涂。1万块的笔记本这性能太让人无语。电话客户的态度特别差。就是不管你的意思，我就这样了，都是你自己的问题。买个配置好的就是想工作的时候更高效，花着钱还变慢了，太失望了?,2022-07-25 00:10:29,1,4,1,2022-08-03 08:24:43,ThinkPad联想笔记本电脑ThinkPad P15v(09CD)英特尔酷睿i7 15.6英寸高性能工作站12代i7-12700H 16G 512G T600 高色域
